File Version,BWRam4.10_4
Date,2025-03-28 14:36:04
title,BWS465-785S
model,BTC665N-785S-SYS
c code,SMH
operator,
pixel_start,0
pixel_end,2047
units,3
show_mode,3
data_mode,0
pixel_mode,0
integration times(sec),5
integration times unit,2
time_multiply,1
average number,2
spectrometer_type,72
yaxis,0
yaxis_min,0
yaxis_max,65535
xaxis,1
xaxis_min,186
xaxis_max,2047
pixel_num,2048
coefs_a0,782.269778738713
coefs_a1,0.15231769418122
coefs_a2,-4.40551035385953E-06
coefs_a3,-6.89461841283763E-10
coefs_b0,-6082.7057387519
coefs_b1,10.9055655951747
coefs_b2,-0.00647983654806097
coefs_b3,3.16822715335838E-06
coefs_r0,1
coefs_r1,0
coefs_r2,0
coefs_r3,0
coefs_j0,1
coefs_j1,0
coefs_j2,0
coefs_j3,0
enable_coefs_r,0
laser_wavelength,785
laser_powerlevel,30
probe_index,0
probe_name,Probe1
dark_compensate,0
numcoeff_d,7
coefs_d0,0
coefs_d1,1
coefs_d2,0
coefs_d3,0
coefs_d4,0
coefs_d5,0
coefs_d6,0
coefs_d7,0
irradiance_lamp_inttime,1
irradiance_lamp_unitindex,0
Color_Data_Flag,0
Color_StartWL,783
Color_EndWL,783
Color_IncWL,10
power_unit_index,1
photometric_index,0
Illuminant_index,2
observer_index,0
lab_l,0
lab_a,0
lab_b,0
radiometric_flag,0
Data Pretreat_0,
Data Pretreat_1,
Data Pretreat_2,
Data Pretreat_3,
Data Pretreat_4,
Data Pretreat_5,
Data Pretreat_6,
Data Pretreat_7,
Data Pretreat_8,
Data Pretreat_9,
Data Pretreat_10,
Data Pretreat_11,
Data Pretreat_12,
Data Pretreat_13,
Data Pretreat_14,
Data Pretreat_15,
Data Pretreat_16,
Data Pretreat_17,
Data Pretreat_18,
Data Pretreat_19,
Data Pretreat_20,
Data Pretreat_21,
Data Pretreat_22,
Data Pretreat_23,
Data Pretreat_24,
Data Pretreat_25,
Data Pretreat_26,
Data Pretreat_27,
Data Pretreat_28,
Data Pretreat_29,
Pixel,Wavelength,Wavenumber,Raman Shift,Dark,Reference,Raw data #1,Dark Subtracted #1,%TR #1,Absorbance #1,Irradiance (W/cm^2/nm) #1,RelativeIntensityCorrection_Ratio #1,ReferenceMaterialCorrection_Ratio #1,AbsoluteIrradianceCorrection_Ratio #1,
0,   ,   ,   ,739.5000,65535.0000,850.5000,111.0000,0.0000,0.0000,0.0000,1.0000,1.0000E+00,1.0000E+00,
1,   ,   ,   ,708.5000,65535.0000,884.0000,175.5000,0.0000,0.0000,0.0000,1.0000,1.0000E+00,1.0000E+00,
2,   ,   ,   ,723.0000,65535.0000,858.5000,135.5000,0.0000,0.0000,0.0000,1.0000,1.0000E+00,1.0000E+00,
3,   ,   ,   ,1239.0000,65535.0000,987.0000,-252.0000,0.0000,0.0000,0.0000,1.0000,1.0000E+00,1.0000E+00,
4,   ,   ,   ,740.0000,65535.0000,912.5000,172.5000,0.0000,0.0000,0.0000,1.0000,1.0000E+00,1.0000E+00,
5,   ,   ,   ,727.0000,65535.0000,907.0000,180.0000,0.0000,0.0000,0.0000,1.0000,1.0000E+00,1.0000E+00,
6,   ,   ,   ,687.0000,65535.0000,909.5000,222.5000,0.0000,0.0000,0.0000,1.0000,1.0000E+00,1.0000E+00,
7,   ,   ,   ,725.0000,65535.0000,916.5000,191.5000,0.0000,0.0000,0.0000,1.0000,1.0000E+00,1.0000E+00,
8,   ,   ,   ,709.5000,65535.0000,930.0000,220.5000,0.0000,0.0000,0.0000,1.0000,1.0000E+00,1.0000E+00,
9,   ,   ,   ,783.0000,65535.0000,1024.0000,241.0000,0.0000,0.0000,0.0000,1.0000,1.0000E+00,1.0000E+00,
10,   ,   ,   ,708.0000,65535.0000,1046.5000,338.5000,0.0000,0.0000,0.0000,1.0000,1.0000E+00,1.0000E+00,
11,   ,   ,   ,750.5000,65535.0000,1943.5000,1193.0000,0.0000,0.0000,0.0000,1.0000,1.0000E+00,1.0000E+00,
12,   ,   ,   ,732.0000,65535.0000,5164.0000,4432.0000,0.0000,0.0000,0.0000,1.0000,1.0000E+00,1.0000E+00,
13,   ,   ,   ,703.0000,65535.0000,7541.5000,6838.5000,0.0000,0.0000,0.0000,1.0000,1.0000E+00,1.0000E+00,
14,   ,   ,   ,705.5000,65535.0000,10222.5000,9517.0000,0.0000,0.0000,0.0000,1.0000,1.0000E+00,1.0000E+00,
15,   ,   ,   ,697.5000,65535.0000,13951.5000,13254.0000,0.0000,0.0000,0.0000,1.0000,1.0000E+00,1.0000E+00,
16,   ,   ,   ,742.0000,65535.0000,9358.0000,8616.0000,0.0000,0.0000,0.0000,1.0000,1.0000E+00,1.0000E+00,
17,   ,   ,   ,721.5000,65535.0000,3558.5000,2837.0000,0.0000,0.0000,0.0000,1.0000,1.0000E+00,1.0000E+00,
18,   ,   ,   ,703.5000,65535.0000,1242.0000,538.5000,0.0000,0.0000,0.0000,1.0000,1.0000E+00,1.0000E+00,
19,   ,   ,   ,733.5000,65535.0000,1037.5000,304.0000,0.0000,0.0000,0.0000,1.0000,1.0000E+00,1.0000E+00,
20,   ,   ,   ,726.0000,65535.0000,971.5000,245.5000,0.0000,0.0000,0.0000,1.0000,1.0000E+00,1.0000E+00,
21,   ,   ,   ,734.0000,65535.0000,973.0000,239.0000,0.0000,0.0000,0.0000,1.0000,1.0000E+00,1.0000E+00,
22,   ,   ,   ,774.0000,65535.0000,990.5000,216.5000,0.0000,0.0000,0.0000,1.0000,1.0000E+00,1.0000E+00,
23,   ,   ,   ,742.0000,65535.0000,967.0000,225.0000,0.0000,0.0000,0.0000,1.0000,1.0000E+00,1.0000E+00,
24,   ,   ,   ,742.0000,65535.0000,990.5000,248.5000,0.0000,0.0000,0.0000,1.0000,1.0000E+00,1.0000E+00,
25,   ,   ,   ,698.0000,65535.0000,949.0000,251.0000,0.0000,0.0000,0.0000,1.0000,1.0000E+00,1.0000E+00,
26,   ,   ,   ,706.5000,65535.0000,962.5000,256.0000,0.0000,0.0000,0.0000,1.0000,1.0000E+00,1.0000E+00,
27,   ,   ,   ,744.0000,65535.0000,1000.0000,256.0000,0.0000,0.0000,0.0000,1.0000,1.0000E+00,1.0000E+00,
28,   ,   ,   ,738.5000,65535.0000,941.5000,203.0000,0.0000,0.0000,0.0000,1.0000,1.0000E+00,1.0000E+00,
29,   ,   ,   ,735.0000,65535.0000,959.5000,224.5000,0.0000,0.0000,0.0000,1.0000,1.0000E+00,1.0000E+00,
30,   ,   ,   ,731.5000,65535.0000,946.0000,214.5000,0.0000,0.0000,0.0000,1.0000,1.0000E+00,1.0000E+00,
31,   ,   ,   ,728.5000,65535.0000,939.0000,210.5000,0.0000,0.0000,0.0000,1.0000,1.0000E+00,1.0000E+00,
32,   ,   ,   ,745.0000,65535.0000,974.5000,229.5000,0.0000,0.0000,0.0000,1.0000,1.0000E+00,1.0000E+00,
33,   ,   ,   ,720.0000,65535.0000,971.0000,251.0000,0.0000,0.0000,0.0000,1.0000,1.0000E+00,1.0000E+00,
34,   ,   ,   ,711.5000,65535.0000,951.5000,240.0000,0.0000,0.0000,0.0000,1.0000,1.0000E+00,1.0000E+00,
35,   ,   ,   ,715.0000,65535.0000,970.0000,255.0000,0.0000,0.0000,0.0000,1.0000,1.0000E+00,1.0000E+00,
36,   ,   ,   ,706.5000,65535.0000,965.5000,259.0000,0.0000,0.0000,0.0000,1.0000,1.0000E+00,1.0000E+00,
37,   ,   ,   ,764.5000,65535.0000,992.5000,228.0000,0.0000,0.0000,0.0000,1.0000,1.0000E+00,1.0000E+00,
38,   ,   ,   ,779.5000,65535.0000,1023.0000,243.5000,0.0000,0.0000,0.0000,1.0000,1.0000E+00,1.0000E+00,
39,   ,   ,   ,730.0000,65535.0000,976.0000,246.0000,0.0000,0.0000,0.0000,1.0000,1.0000E+00,1.0000E+00,
40,   ,   ,   ,694.0000,65535.0000,1009.0000,315.0000,0.0000,0.0000,0.0000,1.0000,1.0000E+00,1.0000E+00,
41,   ,   ,   ,713.0000,65535.0000,1039.0000,326.0000,0.0000,0.0000,0.0000,1.0000,1.0000E+00,1.0000E+00,
42,   ,   ,   ,703.0000,65535.0000,1036.5000,333.5000,0.0000,0.0000,0.0000,1.0000,1.0000E+00,1.0000E+00,
43,   ,   ,   ,719.0000,65535.0000,1114.5000,395.5000,0.0000,0.0000,0.0000,1.0000,1.0000E+00,1.0000E+00,
44,   ,   ,   ,732.5000,65535.0000,1200.0000,467.5000,0.0000,0.0000,0.0000,1.0000,1.0000E+00,1.0000E+00,
45,   ,   ,   ,724.5000,65535.0000,1322.5000,598.0000,0.0000,0.0000,0.0000,1.0000,1.0000E+00,1.0000E+00,
46,   ,   ,   ,725.5000,65535.0000,1584.5000,859.0000,0.0000,0.0000,0.0000,1.0000,1.0000E+00,1.0000E+00,
47,   ,   ,   ,771.5000,65535.0000,2083.5000,1312.0000,0.0000,0.0000,0.0000,1.0000,1.0000E+00,1.0000E+00,
48,   ,   ,   ,752.0000,65535.0000,2845.5000,2093.5000,0.0000,0.0000,0.0000,1.0000,1.0000E+00,1.0000E+00,
49,   ,   ,   ,749.0000,65535.0000,4182.0000,3433.0000,0.0000,0.0000,0.0000,1.0000,1.0000E+00,1.0000E+00,
50,   ,   ,   ,780.0000,65535.0000,6180.5000,5400.5000,0.0000,0.0000,0.0000,1.0000,1.0000E+00,1.0000E+00,
51,   ,   ,   ,776.0000,65535.0000,9038.5000,8262.5000,0.0000,0.0000,0.0000,1.0000,1.0000E+00,1.0000E+00,
52,   ,   ,   ,813.0000,65535.0000,12657.5000,11844.5000,0.0000,0.0000,0.0000,1.0000,1.0000E+00,1.0000E+00,
53,   ,   ,   ,877.0000,65535.0000,17195.0000,16318.0000,0.0000,0.0000,0.0000,1.0000,1.0000E+00,1.0000E+00,
54,   ,   ,   ,932.5000,65535.0000,22338.0000,21405.5000,0.0000,0.0000,0.0000,1.0000,1.0000E+00,1.0000E+00,
55,   ,   ,   ,925.5000,65535.0000,27522.5000,26597.0000,0.0000,0.0000,0.0000,1.0000,1.0000E+00,1.0000E+00,
56,   ,   ,   ,983.0000,65535.0000,32369.5000,31386.5000,0.0000,0.0000,0.0000,1.0000,1.0000E+00,1.0000E+00,
57,   ,   ,   ,1058.5000,65535.0000,36346.5000,35288.0000,0.0000,0.0000,0.0000,1.0000,1.0000E+00,1.0000E+00,
58,   ,   ,   ,1085.5000,65535.0000,39117.0000,38031.5000,0.0000,0.0000,0.0000,1.0000,1.0000E+00,1.0000E+00,
59,   ,   ,   ,1095.5000,65535.0000,40700.5000,39605.0000,0.0000,0.0000,0.0000,1.0000,1.0000E+00,1.0000E+00,
60,   ,   ,   ,1111.5000,65535.0000,41523.5000,40412.0000,0.0000,0.0000,0.0000,1.0000,1.0000E+00,1.0000E+00,
61,   ,   ,   ,1142.0000,65535.0000,41425.5000,40283.5000,0.0000,0.0000,0.0000,1.0000,1.0000E+00,1.0000E+00,
62,   ,   ,   ,1156.5000,65535.0000,41157.5000,40001.0000,0.0000,0.0000,0.0000,1.0000,1.0000E+00,1.0000E+00,
63,   ,   ,   ,1126.5000,65535.0000,40792.0000,39665.5000,0.0000,0.0000,0.0000,1.0000,1.0000E+00,1.0000E+00,
64,   ,   ,   ,1139.0000,65535.0000,40257.0000,39118.0000,0.0000,0.0000,0.0000,1.0000,1.0000E+00,1.0000E+00,
65,   ,   ,   ,1173.5000,65535.0000,39838.5000,38665.0000,0.0000,0.0000,0.0000,1.0000,1.0000E+00,1.0000E+00,
66,   ,   ,   ,1155.0000,65535.0000,39127.5000,37972.5000,0.0000,0.0000,0.0000,1.0000,1.0000E+00,1.0000E+00,
67,   ,   ,   ,1112.5000,65535.0000,38678.5000,37566.0000,0.0000,0.0000,0.0000,1.0000,1.0000E+00,1.0000E+00,
68,   ,   ,   ,1147.0000,65535.0000,38280.5000,37133.5000,0.0000,0.0000,0.0000,1.0000,1.0000E+00,1.0000E+00,
69,   ,   ,   ,1150.0000,65535.0000,37657.5000,36507.5000,0.0000,0.0000,0.0000,1.0000,1.0000E+00,1.0000E+00,
70,   ,   ,   ,1155.0000,65535.0000,37194.0000,36039.0000,0.0000,0.0000,0.0000,1.0000,1.0000E+00,1.0000E+00,
71,   ,   ,   ,1126.5000,65535.0000,36692.0000,35565.5000,0.0000,0.0000,0.0000,1.0000,1.0000E+00,1.0000E+00,
72,   ,   ,   ,1152.5000,65535.0000,36077.5000,34925.0000,0.0000,0.0000,0.0000,1.0000,1.0000E+00,1.0000E+00,
73,   ,   ,   ,1203.5000,65535.0000,35589.0000,34385.5000,0.0000,0.0000,0.0000,1.0000,1.0000E+00,1.0000E+00,
74,   ,   ,   ,1174.5000,65535.0000,35001.5000,33827.0000,0.0000,0.0000,0.0000,1.0000,1.0000E+00,1.0000E+00,
75,   ,   ,   ,1123.5000,65535.0000,34320.5000,33197.0000,0.0000,0.0000,0.0000,1.0000,1.0000E+00,1.0000E+00,
76,   ,   ,   ,1224.5000,65535.0000,33643.5000,32419.0000,0.0000,0.0000,0.0000,1.0000,1.0000E+00,1.0000E+00,
77,   ,   ,   ,1153.5000,65535.0000,32830.5000,31677.0000,0.0000,0.0000,0.0000,1.0000,1.0000E+00,1.0000E+00,
78,   ,   ,   ,1166.5000,65535.0000,32239.0000,31072.5000,0.0000,0.0000,0.0000,1.0000,1.0000E+00,1.0000E+00,
79,   ,   ,   ,1139.5000,65535.0000,31837.5000,30698.0000,0.0000,0.0000,0.0000,1.0000,1.0000E+00,1.0000E+00,
80,   ,   ,   ,1164.5000,65535.0000,31194.0000,30029.5000,0.0000,0.0000,0.0000,1.0000,1.0000E+00,1.0000E+00,
81,   ,   ,   ,1171.5000,65535.0000,30636.5000,29465.0000,0.0000,0.0000,0.0000,1.0000,1.0000E+00,1.0000E+00,
82,   ,   ,   ,1299.0000,65535.0000,30172.5000,28873.5000,0.0000,0.0000,0.0000,1.0000,1.0000E+00,1.0000E+00,
83,   ,   ,   ,1181.0000,65535.0000,29777.0000,28596.0000,0.0000,0.0000,0.0000,1.0000,1.0000E+00,1.0000E+00,
84,   ,   ,   ,1170.5000,65535.0000,29346.5000,28176.0000,0.0000,0.0000,0.0000,1.0000,1.0000E+00,1.0000E+00,
85,   ,   ,   ,1145.0000,65535.0000,28945.5000,27800.5000,0.0000,0.0000,0.0000,1.0000,1.0000E+00,1.0000E+00,
86,   ,   ,   ,1160.0000,65535.0000,28576.5000,27416.5000,0.0000,0.0000,0.0000,1.0000,1.0000E+00,1.0000E+00,
87,   ,   ,   ,1142.0000,65535.0000,28564.0000,27422.0000,0.0000,0.0000,0.0000,1.0000,1.0000E+00,1.0000E+00,
88,   ,   ,   ,1161.0000,65535.0000,28496.0000,27335.0000,0.0000,0.0000,0.0000,1.0000,1.0000E+00,1.0000E+00,
89,   ,   ,   ,1167.0000,65535.0000,28640.5000,27473.5000,0.0000,0.0000,0.0000,1.0000,1.0000E+00,1.0000E+00,
90,   ,   ,   ,1161.0000,65535.0000,29115.5000,27954.5000,0.0000,0.0000,0.0000,1.0000,1.0000E+00,1.0000E+00,
91,   ,   ,   ,1503.0000,65535.0000,30002.5000,28499.5000,0.0000,0.0000,0.0000,1.0000,1.0000E+00,1.0000E+00,
92,   ,   ,   ,1160.5000,65535.0000,30743.0000,29582.5000,0.0000,0.0000,0.0000,1.0000,1.0000E+00,1.0000E+00,
93,   ,   ,   ,1137.5000,65535.0000,31895.5000,30758.0000,0.0000,0.0000,0.0000,1.0000,1.0000E+00,1.0000E+00,
94,   ,   ,   ,1176.5000,65535.0000,33258.0000,32081.5000,0.0000,0.0000,0.0000,1.0000,1.0000E+00,1.0000E+00,
95,   ,   ,   ,1194.0000,65535.0000,34692.5000,33498.5000,0.0000,0.0000,0.0000,1.0000,1.0000E+00,1.0000E+00,
96,   ,   ,   ,1164.5000,65535.0000,36315.5000,35151.0000,0.0000,0.0000,0.0000,1.0000,1.0000E+00,1.0000E+00,
97,   ,   ,   ,1169.0000,65535.0000,38104.5000,36935.5000,0.0000,0.0000,0.0000,1.0000,1.0000E+00,1.0000E+00,
98,   ,   ,   ,1170.5000,65535.0000,40036.0000,38865.5000,0.0000,0.0000,0.0000,1.0000,1.0000E+00,1.0000E+00,
99,   ,   ,   ,1148.5000,65535.0000,41662.0000,40513.5000,0.0000,0.0000,0.0000,1.0000,1.0000E+00,1.0000E+00,
100,   ,   ,   ,1173.0000,65535.0000,43493.0000,42320.0000,0.0000,0.0000,0.0000,1.0000,1.0000E+00,1.0000E+00,
101,   ,   ,   ,1174.0000,65535.0000,45251.0000,44077.0000,0.0000,0.0000,0.0000,1.0000,1.0000E+00,1.0000E+00,
102,   ,   ,   ,1159.5000,65535.0000,46803.5000,45644.0000,0.0000,0.0000,0.0000,1.0000,1.0000E+00,1.0000E+00,
103,   ,   ,   ,1161.0000,65535.0000,48501.5000,47340.5000,0.0000,0.0000,0.0000,1.0000,1.0000E+00,1.0000E+00,
104,   ,   ,   ,1216.5000,65535.0000,50672.0000,49455.5000,0.0000,0.0000,0.0000,1.0000,1.0000E+00,1.0000E+00,
105,   ,   ,   ,1150.5000,65535.0000,53001.0000,51850.5000,0.0000,0.0000,0.0000,1.0000,1.0000E+00,1.0000E+00,
106,   ,   ,   ,1180.5000,65535.0000,55742.0000,54561.5000,0.0000,0.0000,0.0000,1.0000,1.0000E+00,1.0000E+00,
107,   ,   ,   ,1158.5000,65535.0000,58532.0000,57373.5000,0.0000,0.0000,0.0000,1.0000,1.0000E+00,1.0000E+00,
108,   ,   ,   ,1171.0000,65535.0000,60734.5000,59563.5000,0.0000,0.0000,0.0000,1.0000,1.0000E+00,1.0000E+00,
109,   ,   ,   ,1159.5000,65535.0000,61963.0000,60803.5000,0.0000,0.0000,0.0000,1.0000,1.0000E+00,1.0000E+00,
110,   ,   ,   ,1156.5000,65535.0000,62296.5000,61140.0000,0.0000,0.0000,0.0000,1.0000,1.0000E+00,1.0000E+00,
111,   ,   ,   ,1143.5000,65535.0000,61939.0000,60795.5000,0.0000,0.0000,0.0000,1.0000,1.0000E+00,1.0000E+00,
112,   ,   ,   ,1146.0000,65535.0000,60230.5000,59084.5000,0.0000,0.0000,0.0000,1.0000,1.0000E+00,1.0000E+00,
113,   ,   ,   ,1153.5000,65535.0000,57209.0000,56055.5000,0.0000,0.0000,0.0000,1.0000,1.0000E+00,1.0000E+00,
114,   ,   ,   ,1151.5000,65535.0000,53977.0000,52825.5000,0.0000,0.0000,0.0000,1.0000,1.0000E+00,1.0000E+00,
115,   ,   ,   ,1115.0000,65535.0000,50437.5000,49322.5000,0.0000,0.0000,0.0000,1.0000,1.0000E+00,1.0000E+00,
116,   ,   ,   ,1110.5000,65535.0000,46760.5000,45650.0000,0.0000,0.0000,0.0000,1.0000,1.0000E+00,1.0000E+00,
117,   ,   ,   ,1143.0000,65535.0000,43482.0000,42339.0000,0.0000,0.0000,0.0000,1.0000,1.0000E+00,1.0000E+00,
118,   ,   ,   ,1158.0000,65535.0000,40541.0000,39383.0000,0.0000,0.0000,0.0000,1.0000,1.0000E+00,1.0000E+00,
119,   ,   ,   ,1179.5000,65535.0000,37922.5000,36743.0000,0.0000,0.0000,0.0000,1.0000,1.0000E+00,1.0000E+00,
120,   ,   ,   ,1121.0000,65535.0000,35585.5000,34464.5000,0.0000,0.0000,0.0000,1.0000,1.0000E+00,1.0000E+00,
121,   ,   ,   ,1180.5000,65535.0000,33465.0000,32284.5000,0.0000,0.0000,0.0000,1.0000,1.0000E+00,1.0000E+00,
122,   ,   ,   ,1155.5000,65535.0000,31667.5000,30512.0000,0.0000,0.0000,0.0000,1.0000,1.0000E+00,1.0000E+00,
123,   ,   ,   ,1153.0000,65535.0000,30127.5000,28974.5000,0.0000,0.0000,0.0000,1.0000,1.0000E+00,1.0000E+00,
124,   ,   ,   ,1147.5000,65535.0000,28640.5000,27493.0000,0.0000,0.0000,0.0000,1.0000,1.0000E+00,1.0000E+00,
125,   ,   ,   ,1137.0000,65535.0000,27346.5000,26209.5000,0.0000,0.0000,0.0000,1.0000,1.0000E+00,1.0000E+00,
126,   ,   ,   ,1201.0000,65535.0000,26241.0000,25040.0000,0.0000,0.0000,0.0000,1.0000,1.0000E+00,1.0000E+00,
127,   ,   ,   ,1150.0000,65535.0000,25145.0000,23995.0000,0.0000,0.0000,0.0000,1.0000,1.0000E+00,1.0000E+00,
128,   ,   ,   ,1123.0000,65535.0000,23963.5000,22840.5000,0.0000,0.0000,0.0000,1.0000,1.0000E+00,1.0000E+00,
129,   ,   ,   ,1204.0000,65535.0000,22863.5000,21659.5000,0.0000,0.0000,0.0000,1.0000,1.0000E+00,1.0000E+00,
130,   ,   ,   ,1189.0000,65535.0000,21924.0000,20735.0000,0.0000,0.0000,0.0000,1.0000,1.0000E+00,1.0000E+00,
131,   ,   ,   ,1164.5000,65535.0000,21032.0000,19867.5000,0.0000,0.0000,0.0000,1.0000,1.0000E+00,1.0000E+00,
132,   ,   ,   ,1148.5000,65535.0000,20111.5000,18963.0000,0.0000,0.0000,0.0000,1.0000,1.0000E+00,1.0000E+00,
133,   ,   ,   ,1144.0000,65535.0000,19153.0000,18009.0000,0.0000,0.0000,0.0000,1.0000,1.0000E+00,1.0000E+00,
134,   ,   ,   ,1109.0000,65535.0000,18624.0000,17515.0000,0.0000,0.0000,0.0000,1.0000,1.0000E+00,1.0000E+00,
135,   ,   ,   ,1137.0000,65535.0000,18123.0000,16986.0000,0.0000,0.0000,0.0000,1.0000,1.0000E+00,1.0000E+00,
136,   ,   ,   ,1173.5000,65535.0000,17679.0000,16505.5000,0.0000,0.0000,0.0000,1.0000,1.0000E+00,1.0000E+00,
137,   ,   ,   ,1169.0000,65535.0000,17308.5000,16139.5000,0.0000,0.0000,0.0000,1.0000,1.0000E+00,1.0000E+00,
138,   ,   ,   ,1127.0000,65535.0000,16887.0000,15760.0000,0.0000,0.0000,0.0000,1.0000,1.0000E+00,1.0000E+00,
139,   ,   ,   ,1182.0000,65535.0000,16653.5000,15471.5000,0.0000,0.0000,0.0000,1.0000,1.0000E+00,1.0000E+00,
140,   ,   ,   ,1139.0000,65535.0000,16342.0000,15203.0000,0.0000,0.0000,0.0000,1.0000,1.0000E+00,1.0000E+00,
141,   ,   ,   ,1170.0000,65535.0000,16113.5000,14943.5000,0.0000,0.0000,0.0000,1.0000,1.0000E+00,1.0000E+00,
142,   ,   ,   ,1170.5000,65535.0000,15919.5000,14749.0000,0.0000,0.0000,0.0000,1.0000,1.0000E+00,1.0000E+00,
143,   ,   ,   ,1170.0000,65535.0000,15726.0000,14556.0000,0.0000,0.0000,0.0000,1.0000,1.0000E+00,1.0000E+00,
144,   ,   ,   ,1144.0000,65535.0000,15515.5000,14371.5000,0.0000,0.0000,0.0000,1.0000,1.0000E+00,1.0000E+00,
145,   ,   ,   ,1146.0000,65535.0000,15575.5000,14429.5000,0.0000,0.0000,0.0000,1.0000,1.0000E+00,1.0000E+00,
146,   ,   ,   ,1102.5000,65535.0000,15215.5000,14113.0000,0.0000,0.0000,0.0000,1.0000,1.0000E+00,1.0000E+00,
147,   ,   ,   ,1176.0000,65535.0000,15295.0000,14119.0000,0.0000,0.0000,0.0000,1.0000,1.0000E+00,1.0000E+00,
148,   ,   ,   ,1164.5000,65535.0000,15076.5000,13912.0000,0.0000,0.0000,0.0000,1.0000,1.0000E+00,1.0000E+00,
149,   ,   ,   ,1199.5000,65535.0000,15131.5000,13932.0000,0.0000,0.0000,0.0000,1.0000,1.0000E+00,1.0000E+00,
150,   ,   ,   ,1164.0000,65535.0000,15108.5000,13944.5000,0.0000,0.0000,0.0000,1.0000,1.0000E+00,1.0000E+00,
151,   ,   ,   ,1161.0000,65535.0000,15085.5000,13924.5000,0.0000,0.0000,0.0000,1.0000,1.0000E+00,1.0000E+00,
152,   ,   ,   ,1151.0000,65535.0000,14951.0000,13800.0000,0.0000,0.0000,0.0000,1.0000,1.0000E+00,1.0000E+00,
153,   ,   ,   ,1205.5000,65535.0000,15045.0000,13839.5000,0.0000,0.0000,0.0000,1.0000,1.0000E+00,1.0000E+00,
154,   ,   ,   ,1127.0000,65535.0000,14992.0000,13865.0000,0.0000,0.0000,0.0000,1.0000,1.0000E+00,1.0000E+00,
155,   ,   ,   ,1197.5000,65535.0000,14872.5000,13675.0000,0.0000,0.0000,0.0000,1.0000,1.0000E+00,1.0000E+00,
156,   ,   ,   ,1146.5000,65535.0000,14620.5000,13474.0000,0.0000,0.0000,0.0000,1.0000,1.0000E+00,1.0000E+00,
157,   ,   ,   ,1176.5000,65535.0000,14507.0000,13330.5000,0.0000,0.0000,0.0000,1.0000,1.0000E+00,1.0000E+00,
158,   ,   ,   ,1160.0000,65535.0000,14370.0000,13210.0000,0.0000,0.0000,0.0000,1.0000,1.0000E+00,1.0000E+00,
159,   ,   ,   ,1183.5000,65535.0000,14095.0000,12911.5000,0.0000,0.0000,0.0000,1.0000,1.0000E+00,1.0000E+00,
160,   ,   ,   ,1138.5000,65535.0000,13957.5000,12819.0000,0.0000,0.0000,0.0000,1.0000,1.0000E+00,1.0000E+00,
161,   ,   ,   ,1150.0000,65535.0000,13735.0000,12585.0000,0.0000,0.0000,0.0000,1.0000,1.0000E+00,1.0000E+00,
162,   ,   ,   ,1151.5000,65535.0000,13604.5000,12453.0000,0.0000,0.0000,0.0000,1.0000,1.0000E+00,1.0000E+00,
163,   ,   ,   ,1169.0000,65535.0000,13557.5000,12388.5000,0.0000,0.0000,0.0000,1.0000,1.0000E+00,1.0000E+00,
164,   ,   ,   ,1134.0000,65535.0000,13386.0000,12252.0000,0.0000,0.0000,0.0000,1.0000,1.0000E+00,1.0000E+00,
165,   ,   ,   ,1127.5000,65535.0000,13320.5000,12193.0000,0.0000,0.0000,0.0000,1.0000,1.0000E+00,1.0000E+00,
166,   ,   ,   ,1159.5000,65535.0000,13221.5000,12062.0000,0.0000,0.0000,0.0000,1.0000,1.0000E+00,1.0000E+00,
167,   ,   ,   ,1140.0000,65535.0000,13088.5000,11948.5000,0.0000,0.0000,0.0000,1.0000,1.0000E+00,1.0000E+00,
168,   ,   ,   ,1159.0000,65535.0000,12927.5000,11768.5000,0.0000,0.0000,0.0000,1.0000,1.0000E+00,1.0000E+00,
169,   ,   ,   ,1147.0000,65535.0000,12684.0000,11537.0000,0.0000,0.0000,0.0000,1.0000,1.0000E+00,1.0000E+00,
170,   ,   ,   ,1125.0000,65535.0000,12551.5000,11426.5000,0.0000,0.0000,0.0000,1.0000,1.0000E+00,1.0000E+00,
171,   ,   ,   ,1153.5000,65535.0000,12475.5000,11322.0000,0.0000,0.0000,0.0000,1.0000,1.0000E+00,1.0000E+00,
172,   ,   ,   ,1149.5000,65535.0000,12356.5000,11207.0000,0.0000,0.0000,0.0000,1.0000,1.0000E+00,1.0000E+00,
173,   ,   ,   ,1153.0000,65535.0000,12190.0000,11037.0000,0.0000,0.0000,0.0000,1.0000,1.0000E+00,1.0000E+00,
174,   ,   ,   ,1166.0000,65535.0000,12058.0000,10892.0000,0.0000,0.0000,0.0000,1.0000,1.0000E+00,1.0000E+00,
175,   ,   ,   ,1151.0000,65535.0000,11962.0000,10811.0000,0.0000,0.0000,0.0000,1.0000,1.0000E+00,1.0000E+00,
176,   ,   ,   ,1219.0000,65535.0000,11995.0000,10776.0000,0.0000,0.0000,0.0000,1.0000,1.0000E+00,1.0000E+00,
177,   ,   ,   ,1116.5000,65535.0000,11833.5000,10717.0000,0.0000,0.0000,0.0000,1.0000,1.0000E+00,1.0000E+00,
178,   ,   ,   ,1151.5000,65535.0000,11791.5000,10640.0000,0.0000,0.0000,0.0000,1.0000,1.0000E+00,1.0000E+00,
179,   ,   ,   ,1151.5000,65535.0000,11886.5000,10735.0000,0.0000,0.0000,0.0000,1.0000,1.0000E+00,1.0000E+00,
180,   ,   ,   ,1126.0000,65535.0000,11894.5000,10768.5000,0.0000,0.0000,0.0000,1.0000,1.0000E+00,1.0000E+00,
181,   ,   ,   ,1134.5000,65535.0000,11943.0000,10808.5000,0.0000,0.0000,0.0000,1.0000,1.0000E+00,1.0000E+00,
182,   ,   ,   ,1177.0000,65535.0000,12073.5000,10896.5000,0.0000,0.0000,0.0000,1.0000,1.0000E+00,1.0000E+00,
183,   ,   ,   ,1154.5000,65535.0000,12250.5000,11096.0000,0.0000,0.0000,0.0000,1.0000,1.0000E+00,1.0000E+00,
184,   ,   ,   ,1160.5000,65535.0000,12511.0000,11350.5000,0.0000,0.0000,0.0000,1.0000,1.0000E+00,1.0000E+00,
185,   ,   ,   ,1162.5000,65535.0000,13055.5000,11893.0000,0.0000,0.0000,0.0000,1.0000,1.0000E+00,1.0000E+00,
186,810.44,12338.92,399.94,1165.5000,65535.0000,13642.0000,12476.5000,0.0000,0.0000,0.0000,1.0000,1.0000E+00,1.0000E+00,
187,810.59,12336.62,402.23,1183.5000,65535.0000,14430.0000,13246.5000,0.0000,0.0000,0.0000,1.0000,1.0000E+00,1.0000E+00,
188,810.75,12334.33,404.52,1168.5000,65535.0000,15478.0000,14309.5000,0.0000,0.0000,0.0000,1.0000,1.0000E+00,1.0000E+00,
189,810.90,12332.04,406.81,1148.5000,65535.0000,16719.0000,15570.5000,0.0000,0.0000,0.0000,1.0000,1.0000E+00,1.0000E+00,
190,811.05,12329.75,409.10,1121.0000,65535.0000,18151.5000,17030.5000,0.0000,0.0000,0.0000,1.0000,1.0000E+00,1.0000E+00,
191,811.20,12327.46,411.39,1128.5000,65535.0000,19701.0000,18572.5000,0.0000,0.0000,0.0000,1.0000,1.0000E+00,1.0000E+00,
192,811.35,12325.18,413.68,1142.0000,65535.0000,20859.0000,19717.0000,0.0000,0.0000,0.0000,1.0000,1.0000E+00,1.0000E+00,
193,811.50,12322.89,415.96,1204.5000,65535.0000,21332.0000,20127.5000,0.0000,0.0000,0.0000,1.0000,1.0000E+00,1.0000E+00,
194,811.65,12320.60,418.25,1170.0000,65535.0000,20626.0000,19456.0000,0.0000,0.0000,0.0000,1.0000,1.0000E+00,1.0000E+00,
195,811.80,12318.32,420.53,1178.0000,65535.0000,19344.0000,18166.0000,0.0000,0.0000,0.0000,1.0000,1.0000E+00,1.0000E+00,
196,811.95,12316.04,422.82,1168.0000,65535.0000,18055.0000,16887.0000,0.0000,0.0000,0.0000,1.0000,1.0000E+00,1.0000E+00,
197,812.10,12313.75,425.10,1150.0000,65535.0000,17462.0000,16312.0000,0.0000,0.0000,0.0000,1.0000,1.0000E+00,1.0000E+00,
198,812.25,12311.47,427.38,1138.5000,65535.0000,18006.0000,16867.5000,0.0000,0.0000,0.0000,1.0000,1.0000E+00,1.0000E+00,
199,812.40,12309.19,429.66,1136.5000,65535.0000,19426.5000,18290.0000,0.0000,0.0000,0.0000,1.0000,1.0000E+00,1.0000E+00,
200,812.55,12306.91,431.94,1147.0000,65535.0000,20734.0000,19587.0000,0.0000,0.0000,0.0000,1.0000,1.0000E+00,1.0000E+00,
201,812.70,12304.63,434.22,1157.0000,65535.0000,21047.5000,19890.5000,0.0000,0.0000,0.0000,1.0000,1.0000E+00,1.0000E+00,
202,812.85,12302.35,436.50,1146.5000,65535.0000,19569.5000,18423.0000,0.0000,0.0000,0.0000,1.0000,1.0000E+00,1.0000E+00,
203,813.00,12300.08,438.78,1120.0000,65535.0000,17649.0000,16529.0000,0.0000,0.0000,0.0000,1.0000,1.0000E+00,1.0000E+00,
204,813.15,12297.80,441.05,1118.5000,65535.0000,15699.5000,14581.0000,0.0000,0.0000,0.0000,1.0000,1.0000E+00,1.0000E+00,
205,813.30,12295.53,443.33,1129.0000,65535.0000,14252.5000,13123.5000,0.0000,0.0000,0.0000,1.0000,1.0000E+00,1.0000E+00,
206,813.45,12293.25,445.60,1157.0000,65535.0000,13429.5000,12272.5000,0.0000,0.0000,0.0000,1.0000,1.0000E+00,1.0000E+00,
207,813.60,12290.98,447.87,1143.0000,65535.0000,12960.0000,11817.0000,0.0000,0.0000,0.0000,1.0000,1.0000E+00,1.0000E+00,
208,813.76,12288.71,450.14,1153.0000,65535.0000,12739.5000,11586.5000,0.0000,0.0000,0.0000,1.0000,1.0000E+00,1.0000E+00,
209,813.91,12286.44,452.41,1177.0000,65535.0000,12727.0000,11550.0000,0.0000,0.0000,0.0000,1.0000,1.0000E+00,1.0000E+00,
210,814.06,12284.17,454.68,1112.5000,65535.0000,12671.0000,11558.5000,0.0000,0.0000,0.0000,1.0000,1.0000E+00,1.0000E+00,
211,814.21,12281.90,456.95,1088.0000,65535.0000,12762.0000,11674.0000,0.0000,0.0000,0.0000,1.0000,1.0000E+00,1.0000E+00,
212,814.36,12279.63,459.22,1151.0000,65535.0000,12713.5000,11562.5000,0.0000,0.0000,0.0000,1.0000,1.0000E+00,1.0000E+00,
213,814.51,12277.37,461.49,1130.0000,65535.0000,12588.5000,11458.5000,0.0000,0.0000,0.0000,1.0000,1.0000E+00,1.0000E+00,
214,814.66,12275.10,463.75,1098.0000,65535.0000,12371.0000,11273.0000,0.0000,0.0000,0.0000,1.0000,1.0000E+00,1.0000E+00,
215,814.81,12272.84,466.02,1137.0000,65535.0000,12286.5000,11149.5000,0.0000,0.0000,0.0000,1.0000,1.0000E+00,1.0000E+00,
216,814.96,12270.57,468.28,1103.0000,65535.0000,12134.5000,11031.5000,0.0000,0.0000,0.0000,1.0000,1.0000E+00,1.0000E+00,
217,815.11,12268.31,470.54,1089.5000,65535.0000,11970.5000,10881.0000,0.0000,0.0000,0.0000,1.0000,1.0000E+00,1.0000E+00,
218,815.26,12266.05,472.81,1117.5000,65535.0000,11856.0000,10738.5000,0.0000,0.0000,0.0000,1.0000,1.0000E+00,1.0000E+00,
219,815.41,12263.79,475.07,1108.0000,65535.0000,11815.0000,10707.0000,0.0000,0.0000,0.0000,1.0000,1.0000E+00,1.0000E+00,
220,815.56,12261.53,477.33,1130.0000,65535.0000,12015.5000,10885.5000,0.0000,0.0000,0.0000,1.0000,1.0000E+00,1.0000E+00,
221,815.71,12259.27,479.59,1129.0000,65535.0000,12028.5000,10899.5000,0.0000,0.0000,0.0000,1.0000,1.0000E+00,1.0000E+00,
222,815.86,12257.01,481.84,1083.0000,65535.0000,11950.0000,10867.0000,0.0000,0.0000,0.0000,1.0000,1.0000E+00,1.0000E+00,
223,816.01,12254.75,484.10,1115.5000,65535.0000,11742.5000,10627.0000,0.0000,0.0000,0.0000,1.0000,1.0000E+00,1.0000E+00,
224,816.16,12252.50,486.36,1117.0000,65535.0000,11327.5000,10210.5000,0.0000,0.0000,0.0000,1.0000,1.0000E+00,1.0000E+00,
225,816.31,12250.24,488.61,1103.0000,65535.0000,10821.5000,9718.5000,0.0000,0.0000,0.0000,1.0000,1.0000E+00,1.0000E+00,
226,816.46,12247.99,490.87,1120.5000,65535.0000,10610.5000,9490.0000,0.0000,0.0000,0.0000,1.0000,1.0000E+00,1.0000E+00,
227,816.61,12245.74,493.12,1189.0000,65535.0000,10478.5000,9289.5000,0.0000,0.0000,0.0000,1.0000,1.0000E+00,1.0000E+00,
228,816.76,12243.48,495.37,1117.0000,65535.0000,10326.5000,9209.5000,0.0000,0.0000,0.0000,1.0000,1.0000E+00,1.0000E+00,
229,816.91,12241.23,497.62,1102.0000,65535.0000,10513.0000,9411.0000,0.0000,0.0000,0.0000,1.0000,1.0000E+00,1.0000E+00,
230,817.06,12238.98,499.87,1208.0000,65535.0000,10939.5000,9731.5000,0.0000,0.0000,0.0000,1.0000,1.0000E+00,1.0000E+00,
231,817.21,12236.73,502.12,1136.0000,65535.0000,11108.0000,9972.0000,0.0000,0.0000,0.0000,1.0000,1.0000E+00,1.0000E+00,
232,817.36,12234.48,504.37,1126.0000,65535.0000,11322.0000,10196.0000,0.0000,0.0000,0.0000,1.0000,1.0000E+00,1.0000E+00,
233,817.51,12232.24,506.62,1100.5000,65535.0000,11524.5000,10424.0000,0.0000,0.0000,0.0000,1.0000,1.0000E+00,1.0000E+00,
234,817.66,12229.99,508.86,1075.0000,65535.0000,11392.0000,10317.0000,0.0000,0.0000,0.0000,1.0000,1.0000E+00,1.0000E+00,
235,817.81,12227.75,511.11,1076.0000,65535.0000,11249.0000,10173.0000,0.0000,0.0000,0.0000,1.0000,1.0000E+00,1.0000E+00,
236,817.96,12225.50,513.35,1098.5000,65535.0000,11139.5000,10041.0000,0.0000,0.0000,0.0000,1.0000,1.0000E+00,1.0000E+00,
237,818.11,12223.26,515.59,1105.0000,65535.0000,11220.5000,10115.5000,0.0000,0.0000,0.0000,1.0000,1.0000E+00,1.0000E+00,
238,818.26,12221.02,517.84,1142.0000,65535.0000,11585.5000,10443.5000,0.0000,0.0000,0.0000,1.0000,1.0000E+00,1.0000E+00,
239,818.41,12218.77,520.08,1097.0000,65535.0000,12008.0000,10911.0000,0.0000,0.0000,0.0000,1.0000,1.0000E+00,1.0000E+00,
240,818.56,12216.53,522.32,1098.5000,65535.0000,12225.0000,11126.5000,0.0000,0.0000,0.0000,1.0000,1.0000E+00,1.0000E+00,
241,818.71,12214.30,524.56,1109.5000,65535.0000,12123.0000,11013.5000,0.0000,0.0000,0.0000,1.0000,1.0000E+00,1.0000E+00,
242,818.86,12212.06,526.80,1081.5000,65535.0000,11591.5000,10510.0000,0.0000,0.0000,0.0000,1.0000,1.0000E+00,1.0000E+00,
243,819.01,12209.82,529.03,1077.0000,65535.0000,10900.5000,9823.5000,0.0000,0.0000,0.0000,1.0000,1.0000E+00,1.0000E+00,
244,819.16,12207.58,531.27,1099.5000,65535.0000,10268.0000,9168.5000,0.0000,0.0000,0.0000,1.0000,1.0000E+00,1.0000E+00,
245,819.31,12205.35,533.51,1095.5000,65535.0000,9818.0000,8722.5000,0.0000,0.0000,0.0000,1.0000,1.0000E+00,1.0000E+00,
246,819.46,12203.11,535.74,1122.0000,65535.0000,9566.0000,8444.0000,0.0000,0.0000,0.0000,1.0000,1.0000E+00,1.0000E+00,
247,819.61,12200.88,537.97,1085.5000,65535.0000,9418.0000,8332.5000,0.0000,0.0000,0.0000,1.0000,1.0000E+00,1.0000E+00,
248,819.76,12198.65,540.21,1103.5000,65535.0000,9228.0000,8124.5000,0.0000,0.0000,0.0000,1.0000,1.0000E+00,1.0000E+00,
249,819.91,12196.41,542.44,1099.0000,65535.0000,9210.0000,8111.0000,0.0000,0.0000,0.0000,1.0000,1.0000E+00,1.0000E+00,
250,820.06,12194.18,544.67,1168.0000,65535.0000,9241.0000,8073.0000,0.0000,0.0000,0.0000,1.0000,1.0000E+00,1.0000E+00,
251,820.21,12191.95,546.90,1166.0000,65535.0000,9410.0000,8244.0000,0.0000,0.0000,0.0000,1.0000,1.0000E+00,1.0000E+00,
252,820.36,12189.73,549.13,1176.0000,65535.0000,9697.0000,8521.0000,0.0000,0.0000,0.0000,1.0000,1.0000E+00,1.0000E+00,
253,820.51,12187.50,551.36,1064.5000,65535.0000,9932.0000,8867.5000,0.0000,0.0000,0.0000,1.0000,1.0000E+00,1.0000E+00,
254,820.66,12185.27,553.58,1135.5000,65535.0000,10177.0000,9041.5000,0.0000,0.0000,0.0000,1.0000,1.0000E+00,1.0000E+00,
255,820.81,12183.04,555.81,1181.5000,65535.0000,10274.5000,9093.0000,0.0000,0.0000,0.0000,1.0000,1.0000E+00,1.0000E+00,
256,820.96,12180.82,558.03,1118.5000,65535.0000,9972.5000,8854.0000,0.0000,0.0000,0.0000,1.0000,1.0000E+00,1.0000E+00,
257,821.11,12178.60,560.26,1107.5000,65535.0000,9766.0000,8658.5000,0.0000,0.0000,0.0000,1.0000,1.0000E+00,1.0000E+00,
258,821.26,12176.37,562.48,1226.0000,65535.0000,9525.0000,8299.0000,0.0000,0.0000,0.0000,1.0000,1.0000E+00,1.0000E+00,
259,821.41,12174.15,564.70,1197.5000,65535.0000,9715.0000,8517.5000,0.0000,0.0000,0.0000,1.0000,1.0000E+00,1.0000E+00,
260,821.56,12171.93,566.92,1150.5000,65535.0000,9957.5000,8807.0000,0.0000,0.0000,0.0000,1.0000,1.0000E+00,1.0000E+00,
261,821.71,12169.71,569.14,1099.0000,65535.0000,10393.0000,9294.0000,0.0000,0.0000,0.0000,1.0000,1.0000E+00,1.0000E+00,
262,821.86,12167.49,571.36,1135.5000,65535.0000,10605.5000,9470.0000,0.0000,0.0000,0.0000,1.0000,1.0000E+00,1.0000E+00,
263,822.01,12165.27,573.58,1119.5000,65535.0000,10287.5000,9168.0000,0.0000,0.0000,0.0000,1.0000,1.0000E+00,1.0000E+00,
264,822.16,12163.05,575.80,1114.0000,65535.0000,9610.0000,8496.0000,0.0000,0.0000,0.0000,1.0000,1.0000E+00,1.0000E+00,
265,822.31,12160.84,578.02,1081.0000,65535.0000,9038.0000,7957.0000,0.0000,0.0000,0.0000,1.0000,1.0000E+00,1.0000E+00,
266,822.46,12158.62,580.23,1039.5000,65535.0000,8692.0000,7652.5000,0.0000,0.0000,0.0000,1.0000,1.0000E+00,1.0000E+00,
267,822.61,12156.41,582.45,1043.5000,65535.0000,8491.5000,7448.0000,0.0000,0.0000,0.0000,1.0000,1.0000E+00,1.0000E+00,
268,822.76,12154.19,584.66,1065.0000,65535.0000,8419.5000,7354.5000,0.0000,0.0000,0.0000,1.0000,1.0000E+00,1.0000E+00,
269,822.91,12151.98,586.87,1061.5000,65535.0000,8308.0000,7246.5000,0.0000,0.0000,0.0000,1.0000,1.0000E+00,1.0000E+00,
270,823.06,12149.77,589.08,1084.5000,65535.0000,8252.5000,7168.0000,0.0000,0.0000,0.0000,1.0000,1.0000E+00,1.0000E+00,
271,823.21,12147.56,591.29,1081.5000,65535.0000,8128.0000,7046.5000,0.0000,0.0000,0.0000,1.0000,1.0000E+00,1.0000E+00,
272,823.36,12145.35,593.50,1100.0000,65535.0000,8035.0000,6935.0000,0.0000,0.0000,0.0000,1.0000,1.0000E+00,1.0000E+00,
273,823.51,12143.14,595.71,1147.5000,65535.0000,8063.5000,6916.0000,0.0000,0.0000,0.0000,1.0000,1.0000E+00,1.0000E+00,
274,823.66,12140.93,597.92,1093.5000,65535.0000,7864.0000,6770.5000,0.0000,0.0000,0.0000,1.0000,1.0000E+00,1.0000E+00,
275,823.81,12138.73,600.13,1125.5000,65535.0000,7956.0000,6830.5000,0.0000,0.0000,0.0000,1.0000,1.0000E+00,1.0000E+00,
276,823.96,12136.52,602.33,1126.0000,65535.0000,7890.0000,6764.0000,0.0000,0.0000,0.0000,1.0000,1.0000E+00,1.0000E+00,
277,824.11,12134.32,604.54,1121.5000,65535.0000,7864.5000,6743.0000,0.0000,0.0000,0.0000,1.0000,1.0000E+00,1.0000E+00,
278,824.26,12132.11,606.74,1126.0000,65535.0000,7907.5000,6781.5000,0.0000,0.0000,0.0000,1.0000,1.0000E+00,1.0000E+00,
279,824.41,12129.91,608.94,1123.0000,65535.0000,7965.5000,6842.5000,0.0000,0.0000,0.0000,1.0000,1.0000E+00,1.0000E+00,
280,824.56,12127.71,611.15,1135.0000,65535.0000,7866.0000,6731.0000,0.0000,0.0000,0.0000,1.0000,1.0000E+00,1.0000E+00,
281,824.71,12125.51,613.35,1149.0000,65535.0000,7826.0000,6677.0000,0.0000,0.0000,0.0000,1.0000,1.0000E+00,1.0000E+00,
282,824.86,12123.31,615.55,1141.5000,65535.0000,7908.5000,6767.0000,0.0000,0.0000,0.0000,1.0000,1.0000E+00,1.0000E+00,
283,825.01,12121.11,617.75,1105.5000,65535.0000,7981.0000,6875.5000,0.0000,0.0000,0.0000,1.0000,1.0000E+00,1.0000E+00,
284,825.16,12118.91,619.95,1157.5000,65535.0000,8078.0000,6920.5000,0.0000,0.0000,0.0000,1.0000,1.0000E+00,1.0000E+00,
285,825.31,12116.71,622.14,1144.5000,65535.0000,7959.0000,6814.5000,0.0000,0.0000,0.0000,1.0000,1.0000E+00,1.0000E+00,
286,825.46,12114.51,624.34,1079.0000,65535.0000,7865.5000,6786.5000,0.0000,0.0000,0.0000,1.0000,1.0000E+00,1.0000E+00,
287,825.61,12112.32,626.54,1146.5000,65535.0000,7769.0000,6622.5000,0.0000,0.0000,0.0000,1.0000,1.0000E+00,1.0000E+00,
288,825.76,12110.12,628.73,1145.5000,65535.0000,7719.5000,6574.0000,0.0000,0.0000,0.0000,1.0000,1.0000E+00,1.0000E+00,
289,825.90,12107.93,630.92,1117.0000,65535.0000,7673.5000,6556.5000,0.0000,0.0000,0.0000,1.0000,1.0000E+00,1.0000E+00,
290,826.05,12105.74,633.12,1092.0000,65535.0000,7625.5000,6533.5000,0.0000,0.0000,0.0000,1.0000,1.0000E+00,1.0000E+00,
291,826.20,12103.55,635.31,1127.0000,65535.0000,7596.0000,6469.0000,0.0000,0.0000,0.0000,1.0000,1.0000E+00,1.0000E+00,
292,826.35,12101.35,637.50,1089.5000,65535.0000,7666.5000,6577.0000,0.0000,0.0000,0.0000,1.0000,1.0000E+00,1.0000E+00,
293,826.50,12099.17,639.69,1125.5000,65535.0000,7658.0000,6532.5000,0.0000,0.0000,0.0000,1.0000,1.0000E+00,1.0000E+00,
294,826.65,12096.98,641.88,1185.5000,65535.0000,7751.5000,6566.0000,0.0000,0.0000,0.0000,1.0000,1.0000E+00,1.0000E+00,
295,826.80,12094.79,644.07,1132.0000,65535.0000,7711.0000,6579.0000,0.0000,0.0000,0.0000,1.0000,1.0000E+00,1.0000E+00,
296,826.95,12092.60,646.25,1097.0000,65535.0000,7895.0000,6798.0000,0.0000,0.0000,0.0000,1.0000,1.0000E+00,1.0000E+00,
297,827.10,12090.42,648.44,1103.0000,65535.0000,7961.0000,6858.0000,0.0000,0.0000,0.0000,1.0000,1.0000E+00,1.0000E+00,
298,827.25,12088.23,650.62,1116.0000,65535.0000,8214.0000,7098.0000,0.0000,0.0000,0.0000,1.0000,1.0000E+00,1.0000E+00,
299,827.40,12086.05,652.81,1117.0000,65535.0000,8407.5000,7290.5000,0.0000,0.0000,0.0000,1.0000,1.0000E+00,1.0000E+00,
300,827.55,12083.86,654.99,1083.5000,65535.0000,8453.5000,7370.0000,0.0000,0.0000,0.0000,1.0000,1.0000E+00,1.0000E+00,
301,827.70,12081.68,657.17,1107.5000,65535.0000,8454.5000,7347.0000,0.0000,0.0000,0.0000,1.0000,1.0000E+00,1.0000E+00,
302,827.85,12079.50,659.35,1107.0000,65535.0000,8301.0000,7194.0000,0.0000,0.0000,0.0000,1.0000,1.0000E+00,1.0000E+00,
303,828.00,12077.32,661.54,1104.5000,65535.0000,8090.0000,6985.5000,0.0000,0.0000,0.0000,1.0000,1.0000E+00,1.0000E+00,
304,828.15,12075.14,663.71,1142.5000,65535.0000,7922.5000,6780.0000,0.0000,0.0000,0.0000,1.0000,1.0000E+00,1.0000E+00,
305,828.30,12072.96,665.89,1153.5000,65535.0000,7763.5000,6610.0000,0.0000,0.0000,0.0000,1.0000,1.0000E+00,1.0000E+00,
306,828.45,12070.78,668.07,1151.0000,65535.0000,7714.0000,6563.0000,0.0000,0.0000,0.0000,1.0000,1.0000E+00,1.0000E+00,
307,828.60,12068.61,670.25,1070.0000,65535.0000,7681.5000,6611.5000,0.0000,0.0000,0.0000,1.0000,1.0000E+00,1.0000E+00,
308,828.75,12066.43,672.42,1080.5000,65535.0000,7648.5000,6568.0000,0.0000,0.0000,0.0000,1.0000,1.0000E+00,1.0000E+00,
309,828.89,12064.25,674.60,1101.0000,65535.0000,7715.5000,6614.5000,0.0000,0.0000,0.0000,1.0000,1.0000E+00,1.0000E+00,
310,829.04,12062.08,676.77,1124.0000,65535.0000,7662.0000,6538.0000,0.0000,0.0000,0.0000,1.0000,1.0000E+00,1.0000E+00,
311,829.19,12059.91,678.95,1107.0000,65535.0000,7579.5000,6472.5000,0.0000,0.0000,0.0000,1.0000,1.0000E+00,1.0000E+00,
312,829.34,12057.74,681.12,1107.0000,65535.0000,7529.0000,6422.0000,0.0000,0.0000,0.0000,1.0000,1.0000E+00,1.0000E+00,
313,829.49,12055.56,683.29,1146.0000,65535.0000,7594.5000,6448.5000,0.0000,0.0000,0.0000,1.0000,1.0000E+00,1.0000E+00,
314,829.64,12053.39,685.46,1149.5000,65535.0000,7676.5000,6527.0000,0.0000,0.0000,0.0000,1.0000,1.0000E+00,1.0000E+00,
315,829.79,12051.22,687.63,1155.0000,65535.0000,7906.0000,6751.0000,0.0000,0.0000,0.0000,1.0000,1.0000E+00,1.0000E+00,
316,829.94,12049.06,689.80,1111.0000,65535.0000,8088.5000,6977.5000,0.0000,0.0000,0.0000,1.0000,1.0000E+00,1.0000E+00,
317,830.09,12046.89,691.96,1141.0000,65535.0000,8396.0000,7255.0000,0.0000,0.0000,0.0000,1.0000,1.0000E+00,1.0000E+00,
318,830.24,12044.72,694.13,1081.5000,65535.0000,8569.0000,7487.5000,0.0000,0.0000,0.0000,1.0000,1.0000E+00,1.0000E+00,
319,830.39,12042.56,696.30,1116.0000,65535.0000,8664.5000,7548.5000,0.0000,0.0000,0.0000,1.0000,1.0000E+00,1.0000E+00,
320,830.54,12040.39,698.46,1107.0000,65535.0000,8548.0000,7441.0000,0.0000,0.0000,0.0000,1.0000,1.0000E+00,1.0000E+00,
321,830.69,12038.23,700.62,1124.5000,65535.0000,8148.0000,7023.5000,0.0000,0.0000,0.0000,1.0000,1.0000E+00,1.0000E+00,
322,830.84,12036.07,702.79,1139.0000,65535.0000,7886.0000,6747.0000,0.0000,0.0000,0.0000,1.0000,1.0000E+00,1.0000E+00,
323,830.99,12033.90,704.95,1124.0000,65535.0000,7739.0000,6615.0000,0.0000,0.0000,0.0000,1.0000,1.0000E+00,1.0000E+00,
324,831.13,12031.74,707.11,1107.5000,65535.0000,7717.0000,6609.5000,0.0000,0.0000,0.0000,1.0000,1.0000E+00,1.0000E+00,
325,831.28,12029.58,709.27,1128.5000,65535.0000,7681.5000,6553.0000,0.0000,0.0000,0.0000,1.0000,1.0000E+00,1.0000E+00,
326,831.43,12027.42,711.43,1128.0000,65535.0000,7723.5000,6595.5000,0.0000,0.0000,0.0000,1.0000,1.0000E+00,1.0000E+00,
327,831.58,12025.27,713.59,1127.5000,65535.0000,7980.0000,6852.5000,0.0000,0.0000,0.0000,1.0000,1.0000E+00,1.0000E+00,
328,831.73,12023.11,715.75,1075.0000,65535.0000,8455.5000,7380.5000,0.0000,0.0000,0.0000,1.0000,1.0000E+00,1.0000E+00,
329,831.88,12020.95,717.90,1094.5000,65535.0000,9362.5000,8268.0000,0.0000,0.0000,0.0000,1.0000,1.0000E+00,1.0000E+00,
330,832.03,12018.80,720.06,1105.0000,65535.0000,10205.0000,9100.0000,0.0000,0.0000,0.0000,1.0000,1.0000E+00,1.0000E+00,
331,832.18,12016.64,722.21,1119.0000,65535.0000,10585.5000,9466.5000,0.0000,0.0000,0.0000,1.0000,1.0000E+00,1.0000E+00,
332,832.33,12014.49,724.37,1115.0000,65535.0000,10608.5000,9493.5000,0.0000,0.0000,0.0000,1.0000,1.0000E+00,1.0000E+00,
333,832.48,12012.34,726.52,1106.0000,65535.0000,10824.0000,9718.0000,0.0000,0.0000,0.0000,1.0000,1.0000E+00,1.0000E+00,
334,832.63,12010.18,728.67,1120.5000,65535.0000,10816.5000,9696.0000,0.0000,0.0000,0.0000,1.0000,1.0000E+00,1.0000E+00,
335,832.78,12008.03,730.82,1113.0000,65535.0000,9937.5000,8824.5000,0.0000,0.0000,0.0000,1.0000,1.0000E+00,1.0000E+00,
336,832.93,12005.88,732.97,1107.0000,65535.0000,8725.5000,7618.5000,0.0000,0.0000,0.0000,1.0000,1.0000E+00,1.0000E+00,
337,833.07,12003.73,735.12,1141.0000,65535.0000,7958.0000,6817.0000,0.0000,0.0000,0.0000,1.0000,1.0000E+00,1.0000E+00,
338,833.22,12001.59,737.27,1115.5000,65535.0000,7743.5000,6628.0000,0.0000,0.0000,0.0000,1.0000,1.0000E+00,1.0000E+00,
339,833.37,11999.44,739.42,1080.0000,65535.0000,7729.0000,6649.0000,0.0000,0.0000,0.0000,1.0000,1.0000E+00,1.0000E+00,
340,833.52,11997.29,741.56,1109.5000,65535.0000,8210.0000,7100.5000,0.0000,0.0000,0.0000,1.0000,1.0000E+00,1.0000E+00,
341,833.67,11995.15,743.71,1171.0000,65535.0000,8966.5000,7795.5000,0.0000,0.0000,0.0000,1.0000,1.0000E+00,1.0000E+00,
342,833.82,11993.00,745.85,1097.0000,65535.0000,9610.5000,8513.5000,0.0000,0.0000,0.0000,1.0000,1.0000E+00,1.0000E+00,
343,833.97,11990.86,747.99,1097.0000,65535.0000,9420.5000,8323.5000,0.0000,0.0000,0.0000,1.0000,1.0000E+00,1.0000E+00,
344,834.12,11988.72,750.14,1155.0000,65535.0000,8865.5000,7710.5000,0.0000,0.0000,0.0000,1.0000,1.0000E+00,1.0000E+00,
345,834.27,11986.57,752.28,1116.0000,65535.0000,8610.0000,7494.0000,0.0000,0.0000,0.0000,1.0000,1.0000E+00,1.0000E+00,
346,834.42,11984.43,754.42,1140.0000,65535.0000,8551.5000,7411.5000,0.0000,0.0000,0.0000,1.0000,1.0000E+00,1.0000E+00,
347,834.56,11982.29,756.56,1103.5000,65535.0000,8210.0000,7106.5000,0.0000,0.0000,0.0000,1.0000,1.0000E+00,1.0000E+00,
348,834.71,11980.15,758.70,1285.0000,65535.0000,8132.0000,6847.0000,0.0000,0.0000,0.0000,1.0000,1.0000E+00,1.0000E+00,
349,834.86,11978.02,760.84,1138.0000,65535.0000,7805.5000,6667.5000,0.0000,0.0000,0.0000,1.0000,1.0000E+00,1.0000E+00,
350,835.01,11975.88,762.97,1119.0000,65535.0000,7675.5000,6556.5000,0.0000,0.0000,0.0000,1.0000,1.0000E+00,1.0000E+00,
351,835.16,11973.74,765.11,1157.0000,65535.0000,7902.5000,6745.5000,0.0000,0.0000,0.0000,1.0000,1.0000E+00,1.0000E+00,
352,835.31,11971.61,767.25,1147.0000,65535.0000,7994.5000,6847.5000,0.0000,0.0000,0.0000,1.0000,1.0000E+00,1.0000E+00,
353,835.46,11969.47,769.38,1120.0000,65535.0000,8306.0000,7186.0000,0.0000,0.0000,0.0000,1.0000,1.0000E+00,1.0000E+00,
354,835.61,11967.34,771.51,1132.0000,65535.0000,8495.0000,7363.0000,0.0000,0.0000,0.0000,1.0000,1.0000E+00,1.0000E+00,
355,835.76,11965.21,773.65,1132.0000,65535.0000,8759.5000,7627.5000,0.0000,0.0000,0.0000,1.0000,1.0000E+00,1.0000E+00,
356,835.91,11963.08,775.78,1147.5000,65535.0000,8938.0000,7790.5000,0.0000,0.0000,0.0000,1.0000,1.0000E+00,1.0000E+00,
357,836.05,11960.94,777.91,1133.0000,65535.0000,9239.5000,8106.5000,0.0000,0.0000,0.0000,1.0000,1.0000E+00,1.0000E+00,
358,836.20,11958.82,780.04,1167.5000,65535.0000,9649.0000,8481.5000,0.0000,0.0000,0.0000,1.0000,1.0000E+00,1.0000E+00,
359,836.35,11956.69,782.17,1117.5000,65535.0000,10115.5000,8998.0000,0.0000,0.0000,0.0000,1.0000,1.0000E+00,1.0000E+00,
360,836.50,11954.56,784.30,1140.0000,65535.0000,10749.0000,9609.0000,0.0000,0.0000,0.0000,1.0000,1.0000E+00,1.0000E+00,
361,836.65,11952.43,786.42,1115.5000,65535.0000,11274.0000,10158.5000,0.0000,0.0000,0.0000,1.0000,1.0000E+00,1.0000E+00,
362,836.80,11950.30,788.55,1136.5000,65535.0000,11907.0000,10770.5000,0.0000,0.0000,0.0000,1.0000,1.0000E+00,1.0000E+00,
363,836.95,11948.18,790.67,1150.5000,65535.0000,12321.0000,11170.5000,0.0000,0.0000,0.0000,1.0000,1.0000E+00,1.0000E+00,
364,837.10,11946.05,792.80,1135.5000,65535.0000,12543.5000,11408.0000,0.0000,0.0000,0.0000,1.0000,1.0000E+00,1.0000E+00,
365,837.25,11943.93,794.92,1122.0000,65535.0000,12279.0000,11157.0000,0.0000,0.0000,0.0000,1.0000,1.0000E+00,1.0000E+00,
366,837.39,11941.81,797.05,1155.5000,65535.0000,11840.5000,10685.0000,0.0000,0.0000,0.0000,1.0000,1.0000E+00,1.0000E+00,
367,837.54,11939.69,799.17,1088.5000,65535.0000,11071.5000,9983.0000,0.0000,0.0000,0.0000,1.0000,1.0000E+00,1.0000E+00,
368,837.69,11937.57,801.29,1150.0000,65535.0000,10291.5000,9141.5000,0.0000,0.0000,0.0000,1.0000,1.0000E+00,1.0000E+00,
369,837.84,11935.45,803.41,1111.0000,65535.0000,9471.0000,8360.0000,0.0000,0.0000,0.0000,1.0000,1.0000E+00,1.0000E+00,
370,837.99,11933.33,805.53,1103.5000,65535.0000,8911.0000,7807.5000,0.0000,0.0000,0.0000,1.0000,1.0000E+00,1.0000E+00,
371,838.14,11931.21,807.64,1138.0000,65535.0000,8476.5000,7338.5000,0.0000,0.0000,0.0000,1.0000,1.0000E+00,1.0000E+00,
372,838.29,11929.09,809.76,1138.5000,65535.0000,8051.0000,6912.5000,0.0000,0.0000,0.0000,1.0000,1.0000E+00,1.0000E+00,
373,838.44,11926.97,811.88,1154.0000,65535.0000,7977.0000,6823.0000,0.0000,0.0000,0.0000,1.0000,1.0000E+00,1.0000E+00,
374,838.58,11924.86,813.99,1087.0000,65535.0000,7798.5000,6711.5000,0.0000,0.0000,0.0000,1.0000,1.0000E+00,1.0000E+00,
375,838.73,11922.74,816.11,1126.5000,65535.0000,7910.5000,6784.0000,0.0000,0.0000,0.0000,1.0000,1.0000E+00,1.0000E+00,
376,838.88,11920.63,818.22,1153.5000,65535.0000,8005.0000,6851.5000,0.0000,0.0000,0.0000,1.0000,1.0000E+00,1.0000E+00,
377,839.03,11918.52,820.34,1179.5000,65535.0000,8134.5000,6955.0000,0.0000,0.0000,0.0000,1.0000,1.0000E+00,1.0000E+00,
378,839.18,11916.41,822.45,1123.0000,65535.0000,8058.0000,6935.0000,0.0000,0.0000,0.0000,1.0000,1.0000E+00,1.0000E+00,
379,839.33,11914.30,824.56,1092.5000,65535.0000,8011.0000,6918.5000,0.0000,0.0000,0.0000,1.0000,1.0000E+00,1.0000E+00,
380,839.48,11912.19,826.67,1096.0000,65535.0000,7989.0000,6893.0000,0.0000,0.0000,0.0000,1.0000,1.0000E+00,1.0000E+00,
381,839.63,11910.08,828.78,1174.0000,65535.0000,7924.0000,6750.0000,0.0000,0.0000,0.0000,1.0000,1.0000E+00,1.0000E+00,
382,839.77,11907.97,830.89,1096.5000,65535.0000,7925.5000,6829.0000,0.0000,0.0000,0.0000,1.0000,1.0000E+00,1.0000E+00,
383,839.92,11905.86,832.99,1180.0000,65535.0000,7913.5000,6733.5000,0.0000,0.0000,0.0000,1.0000,1.0000E+00,1.0000E+00,
384,840.07,11903.75,835.10,1120.0000,65535.0000,7752.5000,6632.5000,0.0000,0.0000,0.0000,1.0000,1.0000E+00,1.0000E+00,
385,840.22,11901.65,837.20,1147.0000,65535.0000,7614.0000,6467.0000,0.0000,0.0000,0.0000,1.0000,1.0000E+00,1.0000E+00,
386,840.37,11899.54,839.31,1141.0000,65535.0000,7684.0000,6543.0000,0.0000,0.0000,0.0000,1.0000,1.0000E+00,1.0000E+00,
387,840.52,11897.44,841.41,1159.5000,65535.0000,7655.5000,6496.0000,0.0000,0.0000,0.0000,1.0000,1.0000E+00,1.0000E+00,
388,840.67,11895.34,843.52,1165.5000,65535.0000,7663.0000,6497.5000,0.0000,0.0000,0.0000,1.0000,1.0000E+00,1.0000E+00,
389,840.81,11893.23,845.62,1116.0000,65535.0000,7589.5000,6473.5000,0.0000,0.0000,0.0000,1.0000,1.0000E+00,1.0000E+00,
390,840.96,11891.13,847.72,1096.5000,65535.0000,7646.0000,6549.5000,0.0000,0.0000,0.0000,1.0000,1.0000E+00,1.0000E+00,
391,841.11,11889.03,849.82,1153.0000,65535.0000,7554.0000,6401.0000,0.0000,0.0000,0.0000,1.0000,1.0000E+00,1.0000E+00,
392,841.26,11886.93,851.92,1080.0000,65535.0000,7553.0000,6473.0000,0.0000,0.0000,0.0000,1.0000,1.0000E+00,1.0000E+00,
393,841.41,11884.84,854.02,1137.5000,65535.0000,7460.0000,6322.5000,0.0000,0.0000,0.0000,1.0000,1.0000E+00,1.0000E+00,
394,841.56,11882.74,856.12,1128.5000,65535.0000,7455.5000,6327.0000,0.0000,0.0000,0.0000,1.0000,1.0000E+00,1.0000E+00,
395,841.71,11880.64,858.21,1115.5000,65535.0000,7263.0000,6147.5000,0.0000,0.0000,0.0000,1.0000,1.0000E+00,1.0000E+00,
396,841.85,11878.55,860.31,1103.0000,65535.0000,7258.5000,6155.5000,0.0000,0.0000,0.0000,1.0000,1.0000E+00,1.0000E+00,
397,842.00,11876.45,862.40,1137.0000,65535.0000,7185.0000,6048.0000,0.0000,0.0000,0.0000,1.0000,1.0000E+00,1.0000E+00,
398,842.15,11874.36,864.50,1134.0000,65535.0000,7081.0000,5947.0000,0.0000,0.0000,0.0000,1.0000,1.0000E+00,1.0000E+00,
399,842.30,11872.26,866.59,1148.5000,65535.0000,7015.0000,5866.5000,0.0000,0.0000,0.0000,1.0000,1.0000E+00,1.0000E+00,
400,842.45,11870.17,868.68,1122.0000,65535.0000,7007.5000,5885.5000,0.0000,0.0000,0.0000,1.0000,1.0000E+00,1.0000E+00,
401,842.60,11868.08,870.77,1120.5000,65535.0000,6918.0000,5797.5000,0.0000,0.0000,0.0000,1.0000,1.0000E+00,1.0000E+00,
402,842.74,11865.99,872.86,1146.5000,65535.0000,6801.5000,5655.0000,0.0000,0.0000,0.0000,1.0000,1.0000E+00,1.0000E+00,
403,842.89,11863.90,874.95,1150.0000,65535.0000,6891.0000,5741.0000,0.0000,0.0000,0.0000,1.0000,1.0000E+00,1.0000E+00,
404,843.04,11861.81,877.04,1118.0000,65535.0000,6772.0000,5654.0000,0.0000,0.0000,0.0000,1.0000,1.0000E+00,1.0000E+00,
405,843.19,11859.72,879.13,1124.5000,65535.0000,6813.5000,5689.0000,0.0000,0.0000,0.0000,1.0000,1.0000E+00,1.0000E+00,
406,843.34,11857.64,881.22,1086.0000,65535.0000,6868.0000,5782.0000,0.0000,0.0000,0.0000,1.0000,1.0000E+00,1.0000E+00,
407,843.49,11855.55,883.30,1116.5000,65535.0000,6910.0000,5793.5000,0.0000,0.0000,0.0000,1.0000,1.0000E+00,1.0000E+00,
408,843.64,11853.46,885.39,1134.5000,65535.0000,6847.5000,5713.0000,0.0000,0.0000,0.0000,1.0000,1.0000E+00,1.0000E+00,
409,843.78,11851.38,887.47,1119.5000,65535.0000,7042.5000,5923.0000,0.0000,0.0000,0.0000,1.0000,1.0000E+00,1.0000E+00,
410,843.93,11849.30,889.56,1111.5000,65535.0000,7168.0000,6056.5000,0.0000,0.0000,0.0000,1.0000,1.0000E+00,1.0000E+00,
411,844.08,11847.21,891.64,1147.0000,65535.0000,7512.5000,6365.5000,0.0000,0.0000,0.0000,1.0000,1.0000E+00,1.0000E+00,
412,844.23,11845.13,893.72,1122.0000,65535.0000,7823.0000,6701.0000,0.0000,0.0000,0.0000,1.0000,1.0000E+00,1.0000E+00,
413,844.38,11843.05,895.80,1107.0000,65535.0000,8335.0000,7228.0000,0.0000,0.0000,0.0000,1.0000,1.0000E+00,1.0000E+00,
414,844.53,11840.97,897.88,1102.5000,65535.0000,8745.5000,7643.0000,0.0000,0.0000,0.0000,1.0000,1.0000E+00,1.0000E+00,
415,844.67,11838.89,899.96,1101.0000,65535.0000,8941.5000,7840.5000,0.0000,0.0000,0.0000,1.0000,1.0000E+00,1.0000E+00,
416,844.82,11836.81,902.04,1134.0000,65535.0000,8905.0000,7771.0000,0.0000,0.0000,0.0000,1.0000,1.0000E+00,1.0000E+00,
417,844.97,11834.74,904.12,1103.5000,65535.0000,8923.5000,7820.0000,0.0000,0.0000,0.0000,1.0000,1.0000E+00,1.0000E+00,
418,845.12,11832.66,906.19,1108.5000,65535.0000,9395.5000,8287.0000,0.0000,0.0000,0.0000,1.0000,1.0000E+00,1.0000E+00,
419,845.27,11830.58,908.27,1163.0000,65535.0000,10475.0000,9312.0000,0.0000,0.0000,0.0000,1.0000,1.0000E+00,1.0000E+00,
420,845.41,11828.51,910.34,1143.5000,65535.0000,11306.0000,10162.5000,0.0000,0.0000,0.0000,1.0000,1.0000E+00,1.0000E+00,
421,845.56,11826.44,912.42,1095.0000,65535.0000,11174.0000,10079.0000,0.0000,0.0000,0.0000,1.0000,1.0000E+00,1.0000E+00,
422,845.71,11824.36,914.49,1131.5000,65535.0000,10076.0000,8944.5000,0.0000,0.0000,0.0000,1.0000,1.0000E+00,1.0000E+00,
423,845.86,11822.29,916.56,1122.5000,65535.0000,8923.0000,7800.5000,0.0000,0.0000,0.0000,1.0000,1.0000E+00,1.0000E+00,
424,846.01,11820.22,918.63,1099.5000,65535.0000,8110.5000,7011.0000,0.0000,0.0000,0.0000,1.0000,1.0000E+00,1.0000E+00,
425,846.16,11818.15,920.70,1127.5000,65535.0000,7830.0000,6702.5000,0.0000,0.0000,0.0000,1.0000,1.0000E+00,1.0000E+00,
426,846.30,11816.08,922.77,1174.5000,65535.0000,7693.0000,6518.5000,0.0000,0.0000,0.0000,1.0000,1.0000E+00,1.0000E+00,
427,846.45,11814.01,924.84,1096.5000,65535.0000,7794.0000,6697.5000,0.0000,0.0000,0.0000,1.0000,1.0000E+00,1.0000E+00,
428,846.60,11811.94,926.91,1071.0000,65535.0000,8142.0000,7071.0000,0.0000,0.0000,0.0000,1.0000,1.0000E+00,1.0000E+00,
429,846.75,11809.88,928.98,1101.0000,65535.0000,8625.5000,7524.5000,0.0000,0.0000,0.0000,1.0000,1.0000E+00,1.0000E+00,
430,846.90,11807.81,931.04,1182.5000,65535.0000,9319.0000,8136.5000,0.0000,0.0000,0.0000,1.0000,1.0000E+00,1.0000E+00,
431,847.05,11805.75,933.11,1124.0000,65535.0000,9758.5000,8634.5000,0.0000,0.0000,0.0000,1.0000,1.0000E+00,1.0000E+00,
432,847.19,11803.68,935.17,1097.5000,65535.0000,9707.5000,8610.0000,0.0000,0.0000,0.0000,1.0000,1.0000E+00,1.0000E+00,
433,847.34,11801.62,937.23,1130.0000,65535.0000,9379.5000,8249.5000,0.0000,0.0000,0.0000,1.0000,1.0000E+00,1.0000E+00,
434,847.49,11799.56,939.30,1166.5000,65535.0000,8733.5000,7567.0000,0.0000,0.0000,0.0000,1.0000,1.0000E+00,1.0000E+00,
435,847.64,11797.49,941.36,1144.5000,65535.0000,8106.5000,6962.0000,0.0000,0.0000,0.0000,1.0000,1.0000E+00,1.0000E+00,
436,847.79,11795.43,943.42,1104.5000,65535.0000,7637.0000,6532.5000,0.0000,0.0000,0.0000,1.0000,1.0000E+00,1.0000E+00,
437,847.93,11793.37,945.48,1149.0000,65535.0000,7470.0000,6321.0000,0.0000,0.0000,0.0000,1.0000,1.0000E+00,1.0000E+00,
438,848.08,11791.32,947.54,1106.5000,65535.0000,7330.0000,6223.5000,0.0000,0.0000,0.0000,1.0000,1.0000E+00,1.0000E+00,
439,848.23,11789.26,949.60,1110.5000,65535.0000,7310.0000,6199.5000,0.0000,0.0000,0.0000,1.0000,1.0000E+00,1.0000E+00,
440,848.38,11787.20,951.65,1102.5000,65535.0000,7242.0000,6139.5000,0.0000,0.0000,0.0000,1.0000,1.0000E+00,1.0000E+00,
441,848.53,11785.14,953.71,1099.5000,65535.0000,7249.0000,6149.5000,0.0000,0.0000,0.0000,1.0000,1.0000E+00,1.0000E+00,
442,848.67,11783.09,955.77,1099.0000,65535.0000,7277.0000,6178.0000,0.0000,0.0000,0.0000,1.0000,1.0000E+00,1.0000E+00,
443,848.82,11781.03,957.82,1106.5000,65535.0000,7302.0000,6195.5000,0.0000,0.0000,0.0000,1.0000,1.0000E+00,1.0000E+00,
444,848.97,11778.98,959.87,1099.0000,65535.0000,7262.0000,6163.0000,0.0000,0.0000,0.0000,1.0000,1.0000E+00,1.0000E+00,
445,849.12,11776.93,961.93,1109.5000,65535.0000,7362.5000,6253.0000,0.0000,0.0000,0.0000,1.0000,1.0000E+00,1.0000E+00,
446,849.27,11774.87,963.98,1101.5000,65535.0000,7353.5000,6252.0000,0.0000,0.0000,0.0000,1.0000,1.0000E+00,1.0000E+00,
447,849.41,11772.82,966.03,1095.0000,65535.0000,7475.0000,6380.0000,0.0000,0.0000,0.0000,1.0000,1.0000E+00,1.0000E+00,
448,849.56,11770.77,968.08,1028.5000,65535.0000,7350.5000,6322.0000,0.0000,0.0000,0.0000,1.0000,1.0000E+00,1.0000E+00,
449,849.71,11768.72,970.13,1038.0000,65535.0000,7471.5000,6433.5000,0.0000,0.0000,0.0000,1.0000,1.0000E+00,1.0000E+00,
450,849.86,11766.67,972.18,1083.0000,65535.0000,7556.5000,6473.5000,0.0000,0.0000,0.0000,1.0000,1.0000E+00,1.0000E+00,
451,850.01,11764.63,974.23,1094.0000,65535.0000,7543.0000,6449.0000,0.0000,0.0000,0.0000,1.0000,1.0000E+00,1.0000E+00,
452,850.15,11762.58,976.27,1100.0000,65535.0000,7548.5000,6448.5000,0.0000,0.0000,0.0000,1.0000,1.0000E+00,1.0000E+00,
453,850.30,11760.53,978.32,1115.5000,65535.0000,7517.5000,6402.0000,0.0000,0.0000,0.0000,1.0000,1.0000E+00,1.0000E+00,
454,850.45,11758.49,980.37,1077.0000,65535.0000,7457.5000,6380.5000,0.0000,0.0000,0.0000,1.0000,1.0000E+00,1.0000E+00,
455,850.60,11756.44,982.41,1103.0000,65535.0000,7541.0000,6438.0000,0.0000,0.0000,0.0000,1.0000,1.0000E+00,1.0000E+00,
456,850.75,11754.40,984.45,1107.0000,65535.0000,7548.5000,6441.5000,0.0000,0.0000,0.0000,1.0000,1.0000E+00,1.0000E+00,
457,850.89,11752.36,986.50,1086.5000,65535.0000,7431.0000,6344.5000,0.0000,0.0000,0.0000,1.0000,1.0000E+00,1.0000E+00,
458,851.04,11750.32,988.54,1099.5000,65535.0000,7320.0000,6220.5000,0.0000,0.0000,0.0000,1.0000,1.0000E+00,1.0000E+00,
459,851.19,11748.28,990.58,1121.0000,65535.0000,7284.5000,6163.5000,0.0000,0.0000,0.0000,1.0000,1.0000E+00,1.0000E+00,
460,851.34,11746.24,992.62,1057.5000,65535.0000,7351.5000,6294.0000,0.0000,0.0000,0.0000,1.0000,1.0000E+00,1.0000E+00,
461,851.48,11744.20,994.66,1118.5000,65535.0000,7273.5000,6155.0000,0.0000,0.0000,0.0000,1.0000,1.0000E+00,1.0000E+00,
462,851.63,11742.16,996.70,1121.0000,65535.0000,6952.5000,5831.5000,0.0000,0.0000,0.0000,1.0000,1.0000E+00,1.0000E+00,
463,851.78,11740.12,998.73,1174.5000,65535.0000,6727.5000,5553.0000,0.0000,0.0000,0.0000,1.0000,1.0000E+00,1.0000E+00,
464,851.93,11738.08,1000.77,1115.0000,65535.0000,6446.5000,5331.5000,0.0000,0.0000,0.0000,1.0000,1.0000E+00,1.0000E+00,
465,852.08,11736.05,1002.81,1099.0000,65535.0000,6274.0000,5175.0000,0.0000,0.0000,0.0000,1.0000,1.0000E+00,1.0000E+00,
466,852.22,11734.01,1004.84,1082.5000,65535.0000,6323.5000,5241.0000,0.0000,0.0000,0.0000,1.0000,1.0000E+00,1.0000E+00,
467,852.37,11731.98,1006.87,1080.0000,65535.0000,6308.0000,5228.0000,0.0000,0.0000,0.0000,1.0000,1.0000E+00,1.0000E+00,
468,852.52,11729.95,1008.91,1101.5000,65535.0000,6301.5000,5200.0000,0.0000,0.0000,0.0000,1.0000,1.0000E+00,1.0000E+00,
469,852.67,11727.91,1010.94,1163.5000,65535.0000,6379.5000,5216.0000,0.0000,0.0000,0.0000,1.0000,1.0000E+00,1.0000E+00,
470,852.81,11725.88,1012.97,1103.5000,65535.0000,6355.5000,5252.0000,0.0000,0.0000,0.0000,1.0000,1.0000E+00,1.0000E+00,
471,852.96,11723.85,1015.00,1100.0000,65535.0000,6341.5000,5241.5000,0.0000,0.0000,0.0000,1.0000,1.0000E+00,1.0000E+00,
472,853.11,11721.82,1017.03,1123.0000,65535.0000,6370.0000,5247.0000,0.0000,0.0000,0.0000,1.0000,1.0000E+00,1.0000E+00,
473,853.26,11719.79,1019.06,1122.0000,65535.0000,6495.5000,5373.5000,0.0000,0.0000,0.0000,1.0000,1.0000E+00,1.0000E+00,
474,853.41,11717.76,1021.09,1069.0000,65535.0000,6527.5000,5458.5000,0.0000,0.0000,0.0000,1.0000,1.0000E+00,1.0000E+00,
475,853.55,11715.74,1023.12,1048.0000,65535.0000,6574.5000,5526.5000,0.0000,0.0000,0.0000,1.0000,1.0000E+00,1.0000E+00,
476,853.70,11713.71,1025.14,1035.5000,65535.0000,6534.0000,5498.5000,0.0000,0.0000,0.0000,1.0000,1.0000E+00,1.0000E+00,
477,853.85,11711.68,1027.17,975.5000,65535.0000,6411.0000,5435.5000,0.0000,0.0000,0.0000,1.0000,1.0000E+00,1.0000E+00,
478,854.00,11709.66,1029.19,937.5000,65535.0000,6445.0000,5507.5000,0.0000,0.0000,0.0000,1.0000,1.0000E+00,1.0000E+00,
479,854.14,11707.64,1031.22,974.0000,65535.0000,6436.0000,5462.0000,0.0000,0.0000,0.0000,1.0000,1.0000E+00,1.0000E+00,
480,854.29,11705.61,1033.24,1022.5000,65535.0000,6336.0000,5313.5000,0.0000,0.0000,0.0000,1.0000,1.0000E+00,1.0000E+00,
481,854.44,11703.59,1035.26,1057.5000,65535.0000,6327.0000,5269.5000,0.0000,0.0000,0.0000,1.0000,1.0000E+00,1.0000E+00,
482,854.59,11701.57,1037.28,1052.0000,65535.0000,6269.5000,5217.5000,0.0000,0.0000,0.0000,1.0000,1.0000E+00,1.0000E+00,
483,854.73,11699.55,1039.30,1069.0000,65535.0000,6215.0000,5146.0000,0.0000,0.0000,0.0000,1.0000,1.0000E+00,1.0000E+00,
484,854.88,11697.53,1041.32,1094.5000,65535.0000,6208.5000,5114.0000,0.0000,0.0000,0.0000,1.0000,1.0000E+00,1.0000E+00,
485,855.03,11695.51,1043.34,1105.5000,65535.0000,6166.0000,5060.5000,0.0000,0.0000,0.0000,1.0000,1.0000E+00,1.0000E+00,
486,855.18,11693.49,1045.36,1094.5000,65535.0000,6160.5000,5066.0000,0.0000,0.0000,0.0000,1.0000,1.0000E+00,1.0000E+00,
487,855.32,11691.48,1047.38,1098.5000,65535.0000,6142.0000,5043.5000,0.0000,0.0000,0.0000,1.0000,1.0000E+00,1.0000E+00,
488,855.47,11689.46,1049.39,1118.5000,65535.0000,6208.5000,5090.0000,0.0000,0.0000,0.0000,1.0000,1.0000E+00,1.0000E+00,
489,855.62,11687.44,1051.41,1092.5000,65535.0000,6157.5000,5065.0000,0.0000,0.0000,0.0000,1.0000,1.0000E+00,1.0000E+00,
490,855.77,11685.43,1053.42,1063.5000,65535.0000,6236.0000,5172.5000,0.0000,0.0000,0.0000,1.0000,1.0000E+00,1.0000E+00,
491,855.91,11683.42,1055.44,1073.0000,65535.0000,6254.0000,5181.0000,0.0000,0.0000,0.0000,1.0000,1.0000E+00,1.0000E+00,
492,856.06,11681.40,1057.45,1085.5000,65535.0000,6288.5000,5203.0000,0.0000,0.0000,0.0000,1.0000,1.0000E+00,1.0000E+00,
493,856.21,11679.39,1059.46,1085.0000,65535.0000,6267.0000,5182.0000,0.0000,0.0000,0.0000,1.0000,1.0000E+00,1.0000E+00,
494,856.36,11677.38,1061.47,1082.0000,65535.0000,6335.0000,5253.0000,0.0000,0.0000,0.0000,1.0000,1.0000E+00,1.0000E+00,
495,856.50,11675.37,1063.48,1121.5000,65535.0000,6415.0000,5293.5000,0.0000,0.0000,0.0000,1.0000,1.0000E+00,1.0000E+00,
496,856.65,11673.36,1065.49,1088.0000,65535.0000,6371.5000,5283.5000,0.0000,0.0000,0.0000,1.0000,1.0000E+00,1.0000E+00,
497,856.80,11671.35,1067.50,1075.5000,65535.0000,6399.5000,5324.0000,0.0000,0.0000,0.0000,1.0000,1.0000E+00,1.0000E+00,
498,856.95,11669.34,1069.51,1086.5000,65535.0000,6430.5000,5344.0000,0.0000,0.0000,0.0000,1.0000,1.0000E+00,1.0000E+00,
499,857.09,11667.34,1071.52,1080.0000,65535.0000,6408.0000,5328.0000,0.0000,0.0000,0.0000,1.0000,1.0000E+00,1.0000E+00,
500,857.24,11665.33,1073.52,1118.0000,65535.0000,6450.5000,5332.5000,0.0000,0.0000,0.0000,1.0000,1.0000E+00,1.0000E+00,
501,857.39,11663.32,1075.53,1103.5000,65535.0000,6428.5000,5325.0000,0.0000,0.0000,0.0000,1.0000,1.0000E+00,1.0000E+00,
502,857.54,11661.32,1077.53,1120.0000,65535.0000,6435.0000,5315.0000,0.0000,0.0000,0.0000,1.0000,1.0000E+00,1.0000E+00,
503,857.68,11659.32,1079.54,1130.0000,65535.0000,6454.5000,5324.5000,0.0000,0.0000,0.0000,1.0000,1.0000E+00,1.0000E+00,
504,857.83,11657.31,1081.54,1254.0000,65535.0000,6518.5000,5264.5000,0.0000,0.0000,0.0000,1.0000,1.0000E+00,1.0000E+00,
505,857.98,11655.31,1083.54,1093.0000,65535.0000,6341.0000,5248.0000,0.0000,0.0000,0.0000,1.0000,1.0000E+00,1.0000E+00,
506,858.13,11653.31,1085.54,1061.0000,65535.0000,6334.5000,5273.5000,0.0000,0.0000,0.0000,1.0000,1.0000E+00,1.0000E+00,
507,858.27,11651.31,1087.54,1094.0000,65535.0000,6307.5000,5213.5000,0.0000,0.0000,0.0000,1.0000,1.0000E+00,1.0000E+00,
508,858.42,11649.31,1089.54,1129.5000,65535.0000,6289.0000,5159.5000,0.0000,0.0000,0.0000,1.0000,1.0000E+00,1.0000E+00,
509,858.57,11647.31,1091.54,1100.0000,65535.0000,6276.5000,5176.5000,0.0000,0.0000,0.0000,1.0000,1.0000E+00,1.0000E+00,
510,858.71,11645.31,1093.54,1097.0000,65535.0000,6238.5000,5141.5000,0.0000,0.0000,0.0000,1.0000,1.0000E+00,1.0000E+00,
511,858.86,11643.32,1095.54,1123.5000,65535.0000,6211.5000,5088.0000,0.0000,0.0000,0.0000,1.0000,1.0000E+00,1.0000E+00,
512,859.01,11641.32,1097.53,1107.5000,65535.0000,6201.0000,5093.5000,0.0000,0.0000,0.0000,1.0000,1.0000E+00,1.0000E+00,
513,859.16,11639.33,1099.53,1093.0000,65535.0000,6282.5000,5189.5000,0.0000,0.0000,0.0000,1.0000,1.0000E+00,1.0000E+00,
514,859.30,11637.33,1101.52,1083.5000,65535.0000,6246.0000,5162.5000,0.0000,0.0000,0.0000,1.0000,1.0000E+00,1.0000E+00,
515,859.45,11635.34,1103.52,1100.5000,65535.0000,6290.0000,5189.5000,0.0000,0.0000,0.0000,1.0000,1.0000E+00,1.0000E+00,
516,859.60,11633.35,1105.51,1075.0000,65535.0000,6315.5000,5240.5000,0.0000,0.0000,0.0000,1.0000,1.0000E+00,1.0000E+00,
517,859.75,11631.35,1107.50,1114.0000,65535.0000,6364.0000,5250.0000,0.0000,0.0000,0.0000,1.0000,1.0000E+00,1.0000E+00,
518,859.89,11629.36,1109.49,1110.0000,65535.0000,6422.5000,5312.5000,0.0000,0.0000,0.0000,1.0000,1.0000E+00,1.0000E+00,
519,860.04,11627.37,1111.48,1125.0000,65535.0000,6552.0000,5427.0000,0.0000,0.0000,0.0000,1.0000,1.0000E+00,1.0000E+00,
520,860.19,11625.38,1113.47,1123.5000,65535.0000,6598.5000,5475.0000,0.0000,0.0000,0.0000,1.0000,1.0000E+00,1.0000E+00,
521,860.33,11623.39,1115.46,1182.5000,65535.0000,6681.0000,5498.5000,0.0000,0.0000,0.0000,1.0000,1.0000E+00,1.0000E+00,
522,860.48,11621.41,1117.45,1062.0000,65535.0000,6573.5000,5511.5000,0.0000,0.0000,0.0000,1.0000,1.0000E+00,1.0000E+00,
523,860.63,11619.42,1119.44,1098.0000,65535.0000,6694.5000,5596.5000,0.0000,0.0000,0.0000,1.0000,1.0000E+00,1.0000E+00,
524,860.78,11617.43,1121.42,1085.5000,65535.0000,6610.0000,5524.5000,0.0000,0.0000,0.0000,1.0000,1.0000E+00,1.0000E+00,
525,860.92,11615.45,1123.41,1093.0000,65535.0000,6645.5000,5552.5000,0.0000,0.0000,0.0000,1.0000,1.0000E+00,1.0000E+00,
526,861.07,11613.46,1125.39,1072.5000,65535.0000,6659.0000,5586.5000,0.0000,0.0000,0.0000,1.0000,1.0000E+00,1.0000E+00,
527,861.22,11611.48,1127.37,1114.5000,65535.0000,6760.5000,5646.0000,0.0000,0.0000,0.0000,1.0000,1.0000E+00,1.0000E+00,
528,861.36,11609.50,1129.36,1109.5000,65535.0000,6745.5000,5636.0000,0.0000,0.0000,0.0000,1.0000,1.0000E+00,1.0000E+00,
529,861.51,11607.51,1131.34,1100.0000,65535.0000,6876.0000,5776.0000,0.0000,0.0000,0.0000,1.0000,1.0000E+00,1.0000E+00,
530,861.66,11605.53,1133.32,1079.0000,65535.0000,6865.5000,5786.5000,0.0000,0.0000,0.0000,1.0000,1.0000E+00,1.0000E+00,
531,861.81,11603.55,1135.30,1099.5000,65535.0000,6897.0000,5797.5000,0.0000,0.0000,0.0000,1.0000,1.0000E+00,1.0000E+00,
532,861.95,11601.57,1137.28,1097.0000,65535.0000,6991.5000,5894.5000,0.0000,0.0000,0.0000,1.0000,1.0000E+00,1.0000E+00,
533,862.10,11599.59,1139.26,1064.5000,65535.0000,7024.0000,5959.5000,0.0000,0.0000,0.0000,1.0000,1.0000E+00,1.0000E+00,
534,862.25,11597.62,1141.24,1115.0000,65535.0000,7099.5000,5984.5000,0.0000,0.0000,0.0000,1.0000,1.0000E+00,1.0000E+00,
535,862.39,11595.64,1143.21,1114.5000,65535.0000,7268.0000,6153.5000,0.0000,0.0000,0.0000,1.0000,1.0000E+00,1.0000E+00,
536,862.54,11593.66,1145.19,1087.0000,65535.0000,7472.0000,6385.0000,0.0000,0.0000,0.0000,1.0000,1.0000E+00,1.0000E+00,
537,862.69,11591.69,1147.17,1179.5000,65535.0000,7770.5000,6591.0000,0.0000,0.0000,0.0000,1.0000,1.0000E+00,1.0000E+00,
538,862.83,11589.71,1149.14,1100.0000,65535.0000,8040.0000,6940.0000,0.0000,0.0000,0.0000,1.0000,1.0000E+00,1.0000E+00,
539,862.98,11587.74,1151.12,1088.0000,65535.0000,8489.0000,7401.0000,0.0000,0.0000,0.0000,1.0000,1.0000E+00,1.0000E+00,
540,863.13,11585.77,1153.09,1110.5000,65535.0000,9095.5000,7985.0000,0.0000,0.0000,0.0000,1.0000,1.0000E+00,1.0000E+00,
541,863.28,11583.79,1155.06,1134.5000,65535.0000,9812.5000,8678.0000,0.0000,0.0000,0.0000,1.0000,1.0000E+00,1.0000E+00,
542,863.42,11581.82,1157.03,1098.0000,65535.0000,10784.0000,9686.0000,0.0000,0.0000,0.0000,1.0000,1.0000E+00,1.0000E+00,
543,863.57,11579.85,1159.00,1114.5000,65535.0000,12057.0000,10942.5000,0.0000,0.0000,0.0000,1.0000,1.0000E+00,1.0000E+00,
544,863.72,11577.88,1160.97,1104.0000,65535.0000,13675.0000,12571.0000,0.0000,0.0000,0.0000,1.0000,1.0000E+00,1.0000E+00,
545,863.86,11575.91,1162.94,1101.0000,65535.0000,15112.5000,14011.5000,0.0000,0.0000,0.0000,1.0000,1.0000E+00,1.0000E+00,
546,864.01,11573.94,1164.91,1114.0000,65535.0000,16557.0000,15443.0000,0.0000,0.0000,0.0000,1.0000,1.0000E+00,1.0000E+00,
547,864.16,11571.98,1166.88,1092.0000,65535.0000,16777.0000,15685.0000,0.0000,0.0000,0.0000,1.0000,1.0000E+00,1.0000E+00,
548,864.30,11570.01,1168.84,1107.0000,65535.0000,16204.5000,15097.5000,0.0000,0.0000,0.0000,1.0000,1.0000E+00,1.0000E+00,
549,864.45,11568.05,1170.81,1088.0000,65535.0000,15014.0000,13926.0000,0.0000,0.0000,0.0000,1.0000,1.0000E+00,1.0000E+00,
550,864.60,11566.08,1172.77,1080.0000,65535.0000,13764.5000,12684.5000,0.0000,0.0000,0.0000,1.0000,1.0000E+00,1.0000E+00,
551,864.74,11564.12,1174.74,1072.0000,65535.0000,12555.5000,11483.5000,0.0000,0.0000,0.0000,1.0000,1.0000E+00,1.0000E+00,
552,864.89,11562.15,1176.70,1064.0000,65535.0000,11549.0000,10485.0000,0.0000,0.0000,0.0000,1.0000,1.0000E+00,1.0000E+00,
553,865.04,11560.19,1178.66,1055.5000,65535.0000,10858.5000,9803.0000,0.0000,0.0000,0.0000,1.0000,1.0000E+00,1.0000E+00,
554,865.18,11558.23,1180.62,1087.5000,65535.0000,10255.5000,9168.0000,0.0000,0.0000,0.0000,1.0000,1.0000E+00,1.0000E+00,
555,865.33,11556.27,1182.58,1110.0000,65535.0000,9592.5000,8482.5000,0.0000,0.0000,0.0000,1.0000,1.0000E+00,1.0000E+00,
556,865.48,11554.31,1184.54,1051.0000,65535.0000,9124.0000,8073.0000,0.0000,0.0000,0.0000,1.0000,1.0000E+00,1.0000E+00,
557,865.62,11552.35,1186.50,1053.5000,65535.0000,8574.5000,7521.0000,0.0000,0.0000,0.0000,1.0000,1.0000E+00,1.0000E+00,
558,865.77,11550.39,1188.46,1042.5000,65535.0000,8014.5000,6972.0000,0.0000,0.0000,0.0000,1.0000,1.0000E+00,1.0000E+00,
559,865.92,11548.43,1190.42,974.0000,65535.0000,7532.5000,6558.5000,0.0000,0.0000,0.0000,1.0000,1.0000E+00,1.0000E+00,
560,866.07,11546.48,1192.38,1026.5000,65535.0000,7183.5000,6157.0000,0.0000,0.0000,0.0000,1.0000,1.0000E+00,1.0000E+00,
561,866.21,11544.52,1194.33,973.5000,65535.0000,6790.5000,5817.0000,0.0000,0.0000,0.0000,1.0000,1.0000E+00,1.0000E+00,
562,866.36,11542.57,1196.29,1067.5000,65535.0000,6654.5000,5587.0000,0.0000,0.0000,0.0000,1.0000,1.0000E+00,1.0000E+00,
563,866.51,11540.61,1198.24,1066.5000,65535.0000,6520.0000,5453.5000,0.0000,0.0000,0.0000,1.0000,1.0000E+00,1.0000E+00,
564,866.65,11538.66,1200.20,1084.0000,65535.0000,6650.5000,5566.5000,0.0000,0.0000,0.0000,1.0000,1.0000E+00,1.0000E+00,
565,866.80,11536.71,1202.15,1064.0000,65535.0000,6853.5000,5789.5000,0.0000,0.0000,0.0000,1.0000,1.0000E+00,1.0000E+00,
566,866.95,11534.75,1204.10,1067.0000,65535.0000,7320.0000,6253.0000,0.0000,0.0000,0.0000,1.0000,1.0000E+00,1.0000E+00,
567,867.09,11532.80,1206.05,1106.5000,65535.0000,8175.0000,7068.5000,0.0000,0.0000,0.0000,1.0000,1.0000E+00,1.0000E+00,
568,867.24,11530.85,1208.00,1063.5000,65535.0000,9422.0000,8358.5000,0.0000,0.0000,0.0000,1.0000,1.0000E+00,1.0000E+00,
569,867.39,11528.90,1209.95,1055.0000,65535.0000,10605.0000,9550.0000,0.0000,0.0000,0.0000,1.0000,1.0000E+00,1.0000E+00,
570,867.53,11526.95,1211.90,1108.0000,65535.0000,11361.0000,10253.0000,0.0000,0.0000,0.0000,1.0000,1.0000E+00,1.0000E+00,
571,867.68,11525.01,1213.85,1079.5000,65535.0000,11066.0000,9986.5000,0.0000,0.0000,0.0000,1.0000,1.0000E+00,1.0000E+00,
572,867.83,11523.06,1215.79,1045.5000,65535.0000,10130.5000,9085.0000,0.0000,0.0000,0.0000,1.0000,1.0000E+00,1.0000E+00,
573,867.97,11521.11,1217.74,1100.0000,65535.0000,9064.5000,7964.5000,0.0000,0.0000,0.0000,1.0000,1.0000E+00,1.0000E+00,
574,868.12,11519.17,1219.69,1077.0000,65535.0000,8245.0000,7168.0000,0.0000,0.0000,0.0000,1.0000,1.0000E+00,1.0000E+00,
575,868.26,11517.22,1221.63,1092.5000,65535.0000,7665.5000,6573.0000,0.0000,0.0000,0.0000,1.0000,1.0000E+00,1.0000E+00,
576,868.41,11515.28,1223.57,1091.5000,65535.0000,7165.0000,6073.5000,0.0000,0.0000,0.0000,1.0000,1.0000E+00,1.0000E+00,
577,868.56,11513.34,1225.52,1075.5000,65535.0000,6776.0000,5700.5000,0.0000,0.0000,0.0000,1.0000,1.0000E+00,1.0000E+00,
578,868.70,11511.39,1227.46,1022.0000,65535.0000,6513.5000,5491.5000,0.0000,0.0000,0.0000,1.0000,1.0000E+00,1.0000E+00,
579,868.85,11509.45,1229.40,1105.0000,65535.0000,6292.5000,5187.5000,0.0000,0.0000,0.0000,1.0000,1.0000E+00,1.0000E+00,
580,869.00,11507.51,1231.34,1100.0000,65535.0000,6183.0000,5083.0000,0.0000,0.0000,0.0000,1.0000,1.0000E+00,1.0000E+00,
581,869.14,11505.57,1233.28,1074.5000,65535.0000,6037.5000,4963.0000,0.0000,0.0000,0.0000,1.0000,1.0000E+00,1.0000E+00,
582,869.29,11503.63,1235.22,1068.0000,65535.0000,5988.0000,4920.0000,0.0000,0.0000,0.0000,1.0000,1.0000E+00,1.0000E+00,
583,869.44,11501.70,1237.16,1222.5000,65535.0000,6112.0000,4889.5000,0.0000,0.0000,0.0000,1.0000,1.0000E+00,1.0000E+00,
584,869.58,11499.76,1239.09,1137.0000,65535.0000,5917.5000,4780.5000,0.0000,0.0000,0.0000,1.0000,1.0000E+00,1.0000E+00,
585,869.73,11497.82,1241.03,1086.0000,65535.0000,5867.0000,4781.0000,0.0000,0.0000,0.0000,1.0000,1.0000E+00,1.0000E+00,
586,869.88,11495.89,1242.97,1107.0000,65535.0000,5822.0000,4715.0000,0.0000,0.0000,0.0000,1.0000,1.0000E+00,1.0000E+00,
587,870.02,11493.95,1244.90,1082.5000,65535.0000,5812.0000,4729.5000,0.0000,0.0000,0.0000,1.0000,1.0000E+00,1.0000E+00,
588,870.17,11492.02,1246.84,1093.0000,65535.0000,5832.0000,4739.0000,0.0000,0.0000,0.0000,1.0000,1.0000E+00,1.0000E+00,
589,870.32,11490.08,1248.77,1089.0000,65535.0000,5851.5000,4762.5000,0.0000,0.0000,0.0000,1.0000,1.0000E+00,1.0000E+00,
590,870.46,11488.15,1250.70,1107.0000,65535.0000,5784.0000,4677.0000,0.0000,0.0000,0.0000,1.0000,1.0000E+00,1.0000E+00,
591,870.61,11486.22,1252.63,1078.5000,65535.0000,5818.5000,4740.0000,0.0000,0.0000,0.0000,1.0000,1.0000E+00,1.0000E+00,
592,870.75,11484.29,1254.56,1059.5000,65535.0000,5747.0000,4687.5000,0.0000,0.0000,0.0000,1.0000,1.0000E+00,1.0000E+00,
593,870.90,11482.36,1256.49,1133.0000,65535.0000,5788.0000,4655.0000,0.0000,0.0000,0.0000,1.0000,1.0000E+00,1.0000E+00,
594,871.05,11480.43,1258.42,1075.5000,65535.0000,5807.0000,4731.5000,0.0000,0.0000,0.0000,1.0000,1.0000E+00,1.0000E+00,
595,871.19,11478.50,1260.35,1118.0000,65535.0000,5848.0000,4730.0000,0.0000,0.0000,0.0000,1.0000,1.0000E+00,1.0000E+00,
596,871.34,11476.57,1262.28,1084.0000,65535.0000,5839.0000,4755.0000,0.0000,0.0000,0.0000,1.0000,1.0000E+00,1.0000E+00,
597,871.49,11474.65,1264.21,1088.5000,65535.0000,5886.5000,4798.0000,0.0000,0.0000,0.0000,1.0000,1.0000E+00,1.0000E+00,
598,871.63,11472.72,1266.13,1094.5000,65535.0000,5969.0000,4874.5000,0.0000,0.0000,0.0000,1.0000,1.0000E+00,1.0000E+00,
599,871.78,11470.79,1268.06,1145.5000,65535.0000,6050.0000,4904.5000,0.0000,0.0000,0.0000,1.0000,1.0000E+00,1.0000E+00,
600,871.93,11468.87,1269.98,1090.0000,65535.0000,6051.0000,4961.0000,0.0000,0.0000,0.0000,1.0000,1.0000E+00,1.0000E+00,
601,872.07,11466.95,1271.91,1119.0000,65535.0000,6145.5000,5026.5000,0.0000,0.0000,0.0000,1.0000,1.0000E+00,1.0000E+00,
602,872.22,11465.02,1273.83,1056.5000,65535.0000,6206.0000,5149.5000,0.0000,0.0000,0.0000,1.0000,1.0000E+00,1.0000E+00,
603,872.36,11463.10,1275.75,1099.5000,65535.0000,6408.0000,5308.5000,0.0000,0.0000,0.0000,1.0000,1.0000E+00,1.0000E+00,
604,872.51,11461.18,1277.67,1105.0000,65535.0000,6673.5000,5568.5000,0.0000,0.0000,0.0000,1.0000,1.0000E+00,1.0000E+00,
605,872.66,11459.26,1279.59,1065.0000,65535.0000,6998.0000,5933.0000,0.0000,0.0000,0.0000,1.0000,1.0000E+00,1.0000E+00,
606,872.80,11457.34,1281.51,1084.5000,65535.0000,7493.5000,6409.0000,0.0000,0.0000,0.0000,1.0000,1.0000E+00,1.0000E+00,
607,872.95,11455.42,1283.43,1172.0000,65535.0000,8044.5000,6872.5000,0.0000,0.0000,0.0000,1.0000,1.0000E+00,1.0000E+00,
608,873.10,11453.50,1285.35,1099.0000,65535.0000,8516.5000,7417.5000,0.0000,0.0000,0.0000,1.0000,1.0000E+00,1.0000E+00,
609,873.24,11451.58,1287.27,1063.5000,65535.0000,9011.0000,7947.5000,0.0000,0.0000,0.0000,1.0000,1.0000E+00,1.0000E+00,
610,873.39,11449.67,1289.19,1082.0000,65535.0000,9327.5000,8245.5000,0.0000,0.0000,0.0000,1.0000,1.0000E+00,1.0000E+00,
611,873.53,11447.75,1291.10,1172.0000,65535.0000,9536.5000,8364.5000,0.0000,0.0000,0.0000,1.0000,1.0000E+00,1.0000E+00,
612,873.68,11445.84,1293.02,1096.5000,65535.0000,9340.5000,8244.0000,0.0000,0.0000,0.0000,1.0000,1.0000E+00,1.0000E+00,
613,873.83,11443.92,1294.93,1084.5000,65535.0000,9017.5000,7933.0000,0.0000,0.0000,0.0000,1.0000,1.0000E+00,1.0000E+00,
614,873.97,11442.01,1296.84,1069.5000,65535.0000,8478.0000,7408.5000,0.0000,0.0000,0.0000,1.0000,1.0000E+00,1.0000E+00,
615,874.12,11440.10,1298.76,1077.0000,65535.0000,7966.5000,6889.5000,0.0000,0.0000,0.0000,1.0000,1.0000E+00,1.0000E+00,
616,874.26,11438.18,1300.67,1066.5000,65535.0000,7495.5000,6429.0000,0.0000,0.0000,0.0000,1.0000,1.0000E+00,1.0000E+00,
617,874.41,11436.27,1302.58,1079.0000,65535.0000,7198.5000,6119.5000,0.0000,0.0000,0.0000,1.0000,1.0000E+00,1.0000E+00,
618,874.56,11434.36,1304.49,1086.5000,65535.0000,6976.0000,5889.5000,0.0000,0.0000,0.0000,1.0000,1.0000E+00,1.0000E+00,
619,874.70,11432.45,1306.40,1063.0000,65535.0000,6796.0000,5733.0000,0.0000,0.0000,0.0000,1.0000,1.0000E+00,1.0000E+00,
620,874.85,11430.54,1308.31,1095.5000,65535.0000,6688.0000,5592.5000,0.0000,0.0000,0.0000,1.0000,1.0000E+00,1.0000E+00,
621,875.00,11428.64,1310.22,1057.5000,65535.0000,6644.5000,5587.0000,0.0000,0.0000,0.0000,1.0000,1.0000E+00,1.0000E+00,
622,875.14,11426.73,1312.12,1080.5000,65535.0000,6698.5000,5618.0000,0.0000,0.0000,0.0000,1.0000,1.0000E+00,1.0000E+00,
623,875.29,11424.82,1314.03,1077.0000,65535.0000,6649.0000,5572.0000,0.0000,0.0000,0.0000,1.0000,1.0000E+00,1.0000E+00,
624,875.43,11422.92,1315.94,1085.5000,65535.0000,6696.5000,5611.0000,0.0000,0.0000,0.0000,1.0000,1.0000E+00,1.0000E+00,
625,875.58,11421.01,1317.84,1086.0000,65535.0000,6638.0000,5552.0000,0.0000,0.0000,0.0000,1.0000,1.0000E+00,1.0000E+00,
626,875.73,11419.11,1319.75,1073.0000,65535.0000,6662.0000,5589.0000,0.0000,0.0000,0.0000,1.0000,1.0000E+00,1.0000E+00,
627,875.87,11417.21,1321.65,1071.5000,65535.0000,6825.0000,5753.5000,0.0000,0.0000,0.0000,1.0000,1.0000E+00,1.0000E+00,
628,876.02,11415.30,1323.55,1089.5000,65535.0000,6901.5000,5812.0000,0.0000,0.0000,0.0000,1.0000,1.0000E+00,1.0000E+00,
629,876.16,11413.40,1325.45,1047.0000,65535.0000,7114.5000,6067.5000,0.0000,0.0000,0.0000,1.0000,1.0000E+00,1.0000E+00,
630,876.31,11411.50,1327.35,1060.0000,65535.0000,7504.5000,6444.5000,0.0000,0.0000,0.0000,1.0000,1.0000E+00,1.0000E+00,
631,876.45,11409.60,1329.25,1083.0000,65535.0000,7887.5000,6804.5000,0.0000,0.0000,0.0000,1.0000,1.0000E+00,1.0000E+00,
632,876.60,11407.70,1331.15,1121.5000,65535.0000,8239.5000,7118.0000,0.0000,0.0000,0.0000,1.0000,1.0000E+00,1.0000E+00,
633,876.75,11405.80,1333.05,1152.5000,65535.0000,8368.5000,7216.0000,0.0000,0.0000,0.0000,1.0000,1.0000E+00,1.0000E+00,
634,876.89,11403.90,1334.95,1107.5000,65535.0000,8221.0000,7113.5000,0.0000,0.0000,0.0000,1.0000,1.0000E+00,1.0000E+00,
635,877.04,11402.01,1336.85,1067.0000,65535.0000,7917.5000,6850.5000,0.0000,0.0000,0.0000,1.0000,1.0000E+00,1.0000E+00,
636,877.18,11400.11,1338.74,1062.0000,65535.0000,7903.0000,6841.0000,0.0000,0.0000,0.0000,1.0000,1.0000E+00,1.0000E+00,
637,877.33,11398.22,1340.64,1057.0000,65535.0000,7946.0000,6889.0000,0.0000,0.0000,0.0000,1.0000,1.0000E+00,1.0000E+00,
638,877.48,11396.32,1342.53,1120.5000,65535.0000,8028.5000,6908.0000,0.0000,0.0000,0.0000,1.0000,1.0000E+00,1.0000E+00,
639,877.62,11394.43,1344.43,1151.0000,65535.0000,8400.5000,7249.5000,0.0000,0.0000,0.0000,1.0000,1.0000E+00,1.0000E+00,
640,877.77,11392.53,1346.32,1101.5000,65535.0000,8768.0000,7666.5000,0.0000,0.0000,0.0000,1.0000,1.0000E+00,1.0000E+00,
641,877.91,11390.64,1348.21,1072.5000,65535.0000,9093.5000,8021.0000,0.0000,0.0000,0.0000,1.0000,1.0000E+00,1.0000E+00,
642,878.06,11388.75,1350.10,1064.0000,65535.0000,9729.0000,8665.0000,0.0000,0.0000,0.0000,1.0000,1.0000E+00,1.0000E+00,
643,878.21,11386.86,1351.99,1061.0000,65535.0000,10467.5000,9406.5000,0.0000,0.0000,0.0000,1.0000,1.0000E+00,1.0000E+00,
644,878.35,11384.97,1353.88,1069.5000,65535.0000,11429.5000,10360.0000,0.0000,0.0000,0.0000,1.0000,1.0000E+00,1.0000E+00,
645,878.50,11383.08,1355.77,1289.5000,65535.0000,12584.0000,11294.5000,0.0000,0.0000,0.0000,1.0000,1.0000E+00,1.0000E+00,
646,878.64,11381.19,1357.66,1075.5000,65535.0000,13410.5000,12335.0000,0.0000,0.0000,0.0000,1.0000,1.0000E+00,1.0000E+00,
647,878.79,11379.30,1359.55,1051.0000,65535.0000,14162.5000,13111.5000,0.0000,0.0000,0.0000,1.0000,1.0000E+00,1.0000E+00,
648,878.93,11377.42,1361.44,1025.0000,65535.0000,14466.0000,13441.0000,0.0000,0.0000,0.0000,1.0000,1.0000E+00,1.0000E+00,
649,879.08,11375.53,1363.32,1040.0000,65535.0000,14263.5000,13223.5000,0.0000,0.0000,0.0000,1.0000,1.0000E+00,1.0000E+00,
650,879.23,11373.65,1365.21,1050.0000,65535.0000,13684.0000,12634.0000,0.0000,0.0000,0.0000,1.0000,1.0000E+00,1.0000E+00,
651,879.37,11371.76,1367.09,1080.5000,65535.0000,13025.5000,11945.0000,0.0000,0.0000,0.0000,1.0000,1.0000E+00,1.0000E+00,
652,879.52,11369.88,1368.98,1076.0000,65535.0000,12416.5000,11340.5000,0.0000,0.0000,0.0000,1.0000,1.0000E+00,1.0000E+00,
653,879.66,11367.99,1370.86,1090.5000,65535.0000,11843.0000,10752.5000,0.0000,0.0000,0.0000,1.0000,1.0000E+00,1.0000E+00,
654,879.81,11366.11,1372.74,1056.5000,65535.0000,11475.0000,10418.5000,0.0000,0.0000,0.0000,1.0000,1.0000E+00,1.0000E+00,
655,879.95,11364.23,1374.62,1109.5000,65535.0000,11465.0000,10355.5000,0.0000,0.0000,0.0000,1.0000,1.0000E+00,1.0000E+00,
656,880.10,11362.35,1376.50,1065.5000,65535.0000,11612.5000,10547.0000,0.0000,0.0000,0.0000,1.0000,1.0000E+00,1.0000E+00,
657,880.25,11360.47,1378.38,1053.0000,65535.0000,11992.0000,10939.0000,0.0000,0.0000,0.0000,1.0000,1.0000E+00,1.0000E+00,
658,880.39,11358.59,1380.26,1003.0000,65535.0000,12662.0000,11659.0000,0.0000,0.0000,0.0000,1.0000,1.0000E+00,1.0000E+00,
659,880.54,11356.71,1382.14,1006.5000,65535.0000,13408.0000,12401.5000,0.0000,0.0000,0.0000,1.0000,1.0000E+00,1.0000E+00,
660,880.68,11354.83,1384.02,1085.0000,65535.0000,14437.5000,13352.5000,0.0000,0.0000,0.0000,1.0000,1.0000E+00,1.0000E+00,
661,880.83,11352.96,1385.90,1072.0000,65535.0000,15642.0000,14570.0000,0.0000,0.0000,0.0000,1.0000,1.0000E+00,1.0000E+00,
662,880.97,11351.08,1387.77,1061.5000,65535.0000,16704.0000,15642.5000,0.0000,0.0000,0.0000,1.0000,1.0000E+00,1.0000E+00,
663,881.12,11349.21,1389.65,1051.0000,65535.0000,17529.0000,16478.0000,0.0000,0.0000,0.0000,1.0000,1.0000E+00,1.0000E+00,
664,881.26,11347.33,1391.52,1072.0000,65535.0000,17203.0000,16131.0000,0.0000,0.0000,0.0000,1.0000,1.0000E+00,1.0000E+00,
665,881.41,11345.46,1393.40,1064.5000,65535.0000,16208.0000,15143.5000,0.0000,0.0000,0.0000,1.0000,1.0000E+00,1.0000E+00,
666,881.56,11343.58,1395.27,1078.0000,65535.0000,14575.5000,13497.5000,0.0000,0.0000,0.0000,1.0000,1.0000E+00,1.0000E+00,
667,881.70,11341.71,1397.14,1109.0000,65535.0000,12977.5000,11868.5000,0.0000,0.0000,0.0000,1.0000,1.0000E+00,1.0000E+00,
668,881.85,11339.84,1399.01,1061.0000,65535.0000,11569.5000,10508.5000,0.0000,0.0000,0.0000,1.0000,1.0000E+00,1.0000E+00,
669,881.99,11337.97,1400.88,1047.5000,65535.0000,10425.0000,9377.5000,0.0000,0.0000,0.0000,1.0000,1.0000E+00,1.0000E+00,
670,882.14,11336.10,1402.75,1090.5000,65535.0000,9720.5000,8630.0000,0.0000,0.0000,0.0000,1.0000,1.0000E+00,1.0000E+00,
671,882.28,11334.23,1404.62,1071.5000,65535.0000,9152.0000,8080.5000,0.0000,0.0000,0.0000,1.0000,1.0000E+00,1.0000E+00,
672,882.43,11332.36,1406.49,1099.5000,65535.0000,8820.5000,7721.0000,0.0000,0.0000,0.0000,1.0000,1.0000E+00,1.0000E+00,
673,882.57,11330.49,1408.36,1069.0000,65535.0000,8440.0000,7371.0000,0.0000,0.0000,0.0000,1.0000,1.0000E+00,1.0000E+00,
674,882.72,11328.63,1410.23,1054.5000,65535.0000,8151.0000,7096.5000,0.0000,0.0000,0.0000,1.0000,1.0000E+00,1.0000E+00,
675,882.86,11326.76,1412.09,1069.5000,65535.0000,7757.5000,6688.0000,0.0000,0.0000,0.0000,1.0000,1.0000E+00,1.0000E+00,
676,883.01,11324.90,1413.96,1039.0000,65535.0000,7451.5000,6412.5000,0.0000,0.0000,0.0000,1.0000,1.0000E+00,1.0000E+00,
677,883.16,11323.03,1415.82,1065.5000,65535.0000,7116.5000,6051.0000,0.0000,0.0000,0.0000,1.0000,1.0000E+00,1.0000E+00,
678,883.30,11321.17,1417.69,1079.0000,65535.0000,6963.5000,5884.5000,0.0000,0.0000,0.0000,1.0000,1.0000E+00,1.0000E+00,
679,883.45,11319.30,1419.55,1087.5000,65535.0000,6939.5000,5852.0000,0.0000,0.0000,0.0000,1.0000,1.0000E+00,1.0000E+00,
680,883.59,11317.44,1421.41,1044.0000,65535.0000,6798.5000,5754.5000,0.0000,0.0000,0.0000,1.0000,1.0000E+00,1.0000E+00,
681,883.74,11315.58,1423.27,1034.0000,65535.0000,6805.0000,5771.0000,0.0000,0.0000,0.0000,1.0000,1.0000E+00,1.0000E+00,
682,883.88,11313.72,1425.13,1082.5000,65535.0000,6940.0000,5857.5000,0.0000,0.0000,0.0000,1.0000,1.0000E+00,1.0000E+00,
683,884.03,11311.86,1426.99,1041.0000,65535.0000,7095.0000,6054.0000,0.0000,0.0000,0.0000,1.0000,1.0000E+00,1.0000E+00,
684,884.17,11310.00,1428.85,1050.5000,65535.0000,7352.5000,6302.0000,0.0000,0.0000,0.0000,1.0000,1.0000E+00,1.0000E+00,
685,884.32,11308.14,1430.71,1087.0000,65535.0000,7552.0000,6465.0000,0.0000,0.0000,0.0000,1.0000,1.0000E+00,1.0000E+00,
686,884.46,11306.28,1432.57,1088.5000,65535.0000,7807.5000,6719.0000,0.0000,0.0000,0.0000,1.0000,1.0000E+00,1.0000E+00,
687,884.61,11304.43,1434.43,1124.0000,65535.0000,8012.0000,6888.0000,0.0000,0.0000,0.0000,1.0000,1.0000E+00,1.0000E+00,
688,884.75,11302.57,1436.28,1028.5000,65535.0000,8000.5000,6972.0000,0.0000,0.0000,0.0000,1.0000,1.0000E+00,1.0000E+00,
689,884.90,11300.71,1438.14,1094.0000,65535.0000,8113.0000,7019.0000,0.0000,0.0000,0.0000,1.0000,1.0000E+00,1.0000E+00,
690,885.05,11298.86,1439.99,1069.5000,65535.0000,8069.5000,7000.0000,0.0000,0.0000,0.0000,1.0000,1.0000E+00,1.0000E+00,
691,885.19,11297.01,1441.85,1106.5000,65535.0000,8066.5000,6960.0000,0.0000,0.0000,0.0000,1.0000,1.0000E+00,1.0000E+00,
692,885.34,11295.15,1443.70,1044.0000,65535.0000,7933.5000,6889.5000,0.0000,0.0000,0.0000,1.0000,1.0000E+00,1.0000E+00,
693,885.48,11293.30,1445.55,1077.0000,65535.0000,7915.5000,6838.5000,0.0000,0.0000,0.0000,1.0000,1.0000E+00,1.0000E+00,
694,885.63,11291.45,1447.40,1018.5000,65535.0000,7636.0000,6617.5000,0.0000,0.0000,0.0000,1.0000,1.0000E+00,1.0000E+00,
695,885.77,11289.60,1449.26,1067.0000,65535.0000,7536.0000,6469.0000,0.0000,0.0000,0.0000,1.0000,1.0000E+00,1.0000E+00,
696,885.92,11287.75,1451.11,1067.0000,65535.0000,7426.0000,6359.0000,0.0000,0.0000,0.0000,1.0000,1.0000E+00,1.0000E+00,
697,886.06,11285.90,1452.96,1058.0000,65535.0000,7239.0000,6181.0000,0.0000,0.0000,0.0000,1.0000,1.0000E+00,1.0000E+00,
698,886.21,11284.05,1454.80,1031.5000,65535.0000,7105.0000,6073.5000,0.0000,0.0000,0.0000,1.0000,1.0000E+00,1.0000E+00,
699,886.35,11282.20,1456.65,1029.0000,65535.0000,7154.0000,6125.0000,0.0000,0.0000,0.0000,1.0000,1.0000E+00,1.0000E+00,
700,886.50,11280.35,1458.50,1014.0000,65535.0000,7055.0000,6041.0000,0.0000,0.0000,0.0000,1.0000,1.0000E+00,1.0000E+00,
701,886.64,11278.51,1460.35,1010.5000,65535.0000,7144.5000,6134.0000,0.0000,0.0000,0.0000,1.0000,1.0000E+00,1.0000E+00,
702,886.79,11276.66,1462.19,1092.5000,65535.0000,7346.5000,6254.0000,0.0000,0.0000,0.0000,1.0000,1.0000E+00,1.0000E+00,
703,886.93,11274.82,1464.04,1068.5000,65535.0000,7337.5000,6269.0000,0.0000,0.0000,0.0000,1.0000,1.0000E+00,1.0000E+00,
704,887.08,11272.97,1465.88,1031.0000,65535.0000,7466.0000,6435.0000,0.0000,0.0000,0.0000,1.0000,1.0000E+00,1.0000E+00,
705,887.22,11271.13,1467.72,1036.0000,65535.0000,7548.0000,6512.0000,0.0000,0.0000,0.0000,1.0000,1.0000E+00,1.0000E+00,
706,887.37,11269.29,1469.57,1063.5000,65535.0000,7644.5000,6581.0000,0.0000,0.0000,0.0000,1.0000,1.0000E+00,1.0000E+00,
707,887.51,11267.45,1471.41,1073.0000,65535.0000,7742.5000,6669.5000,0.0000,0.0000,0.0000,1.0000,1.0000E+00,1.0000E+00,
708,887.66,11265.60,1473.25,1060.0000,65535.0000,7724.5000,6664.5000,0.0000,0.0000,0.0000,1.0000,1.0000E+00,1.0000E+00,
709,887.80,11263.76,1475.09,1036.0000,65535.0000,7725.5000,6689.5000,0.0000,0.0000,0.0000,1.0000,1.0000E+00,1.0000E+00,
710,887.95,11261.92,1476.93,1041.0000,65535.0000,7791.5000,6750.5000,0.0000,0.0000,0.0000,1.0000,1.0000E+00,1.0000E+00,
711,888.09,11260.08,1478.77,1041.0000,65535.0000,7937.5000,6896.5000,0.0000,0.0000,0.0000,1.0000,1.0000E+00,1.0000E+00,
712,888.24,11258.25,1480.61,1036.5000,65535.0000,8164.0000,7127.5000,0.0000,0.0000,0.0000,1.0000,1.0000E+00,1.0000E+00,
713,888.38,11256.41,1482.44,1077.5000,65535.0000,8286.5000,7209.0000,0.0000,0.0000,0.0000,1.0000,1.0000E+00,1.0000E+00,
714,888.53,11254.57,1484.28,1050.0000,65535.0000,8322.0000,7272.0000,0.0000,0.0000,0.0000,1.0000,1.0000E+00,1.0000E+00,
715,888.67,11252.74,1486.12,1052.0000,65535.0000,8087.5000,7035.5000,0.0000,0.0000,0.0000,1.0000,1.0000E+00,1.0000E+00,
716,888.82,11250.90,1487.95,1052.0000,65535.0000,7561.0000,6509.0000,0.0000,0.0000,0.0000,1.0000,1.0000E+00,1.0000E+00,
717,888.96,11249.07,1489.79,1065.5000,65535.0000,7051.5000,5986.0000,0.0000,0.0000,0.0000,1.0000,1.0000E+00,1.0000E+00,
718,889.11,11247.23,1491.62,1042.0000,65535.0000,6591.5000,5549.5000,0.0000,0.0000,0.0000,1.0000,1.0000E+00,1.0000E+00,
719,889.25,11245.40,1493.45,1077.5000,65535.0000,6317.5000,5240.0000,0.0000,0.0000,0.0000,1.0000,1.0000E+00,1.0000E+00,
720,889.40,11243.57,1495.29,1053.5000,65535.0000,6053.5000,5000.0000,0.0000,0.0000,0.0000,1.0000,1.0000E+00,1.0000E+00,
721,889.54,11241.74,1497.12,1046.0000,65535.0000,5847.5000,4801.5000,0.0000,0.0000,0.0000,1.0000,1.0000E+00,1.0000E+00,
722,889.69,11239.91,1498.95,1039.0000,65535.0000,5740.5000,4701.5000,0.0000,0.0000,0.0000,1.0000,1.0000E+00,1.0000E+00,
723,889.83,11238.08,1500.78,1024.5000,65535.0000,5631.5000,4607.0000,0.0000,0.0000,0.0000,1.0000,1.0000E+00,1.0000E+00,
724,889.98,11236.25,1502.61,1060.5000,65535.0000,5696.5000,4636.0000,0.0000,0.0000,0.0000,1.0000,1.0000E+00,1.0000E+00,
725,890.12,11234.42,1504.43,1058.0000,65535.0000,5722.0000,4664.0000,0.0000,0.0000,0.0000,1.0000,1.0000E+00,1.0000E+00,
726,890.27,11232.59,1506.26,1089.5000,65535.0000,5772.0000,4682.5000,0.0000,0.0000,0.0000,1.0000,1.0000E+00,1.0000E+00,
727,890.41,11230.76,1508.09,1039.0000,65535.0000,5813.0000,4774.0000,0.0000,0.0000,0.0000,1.0000,1.0000E+00,1.0000E+00,
728,890.56,11228.94,1509.92,1073.0000,65535.0000,5891.0000,4818.0000,0.0000,0.0000,0.0000,1.0000,1.0000E+00,1.0000E+00,
729,890.70,11227.11,1511.74,1055.5000,65535.0000,5879.0000,4823.5000,0.0000,0.0000,0.0000,1.0000,1.0000E+00,1.0000E+00,
730,890.85,11225.29,1513.57,1031.5000,65535.0000,5794.5000,4763.0000,0.0000,0.0000,0.0000,1.0000,1.0000E+00,1.0000E+00,
731,890.99,11223.46,1515.39,1046.0000,65535.0000,5797.0000,4751.0000,0.0000,0.0000,0.0000,1.0000,1.0000E+00,1.0000E+00,
732,891.14,11221.64,1517.21,1050.5000,65535.0000,5787.0000,4736.5000,0.0000,0.0000,0.0000,1.0000,1.0000E+00,1.0000E+00,
733,891.28,11219.82,1519.04,1036.0000,65535.0000,5709.0000,4673.0000,0.0000,0.0000,0.0000,1.0000,1.0000E+00,1.0000E+00,
734,891.42,11218.00,1520.86,1098.0000,65535.0000,5784.5000,4686.5000,0.0000,0.0000,0.0000,1.0000,1.0000E+00,1.0000E+00,
735,891.57,11216.17,1522.68,1106.0000,65535.0000,5800.0000,4694.0000,0.0000,0.0000,0.0000,1.0000,1.0000E+00,1.0000E+00,
736,891.71,11214.35,1524.50,1077.0000,65535.0000,5848.0000,4771.0000,0.0000,0.0000,0.0000,1.0000,1.0000E+00,1.0000E+00,
737,891.86,11212.53,1526.32,1045.0000,65535.0000,5943.0000,4898.0000,0.0000,0.0000,0.0000,1.0000,1.0000E+00,1.0000E+00,
738,892.00,11210.72,1528.14,1064.5000,65535.0000,6016.0000,4951.5000,0.0000,0.0000,0.0000,1.0000,1.0000E+00,1.0000E+00,
739,892.15,11208.90,1529.96,1054.5000,65535.0000,6087.5000,5033.0000,0.0000,0.0000,0.0000,1.0000,1.0000E+00,1.0000E+00,
740,892.29,11207.08,1531.77,1088.0000,65535.0000,6256.0000,5168.0000,0.0000,0.0000,0.0000,1.0000,1.0000E+00,1.0000E+00,
741,892.44,11205.26,1533.59,1034.5000,65535.0000,6363.0000,5328.5000,0.0000,0.0000,0.0000,1.0000,1.0000E+00,1.0000E+00,
742,892.58,11203.45,1535.41,1085.0000,65535.0000,6511.0000,5426.0000,0.0000,0.0000,0.0000,1.0000,1.0000E+00,1.0000E+00,
743,892.73,11201.63,1537.22,1046.0000,65535.0000,6638.5000,5592.5000,0.0000,0.0000,0.0000,1.0000,1.0000E+00,1.0000E+00,
744,892.87,11199.82,1539.03,1043.0000,65535.0000,6694.5000,5651.5000,0.0000,0.0000,0.0000,1.0000,1.0000E+00,1.0000E+00,
745,893.02,11198.01,1540.85,1058.5000,65535.0000,6627.0000,5568.5000,0.0000,0.0000,0.0000,1.0000,1.0000E+00,1.0000E+00,
746,893.16,11196.19,1542.66,1061.0000,65535.0000,6715.5000,5654.5000,0.0000,0.0000,0.0000,1.0000,1.0000E+00,1.0000E+00,
747,893.31,11194.38,1544.47,1053.0000,65535.0000,6470.0000,5417.0000,0.0000,0.0000,0.0000,1.0000,1.0000E+00,1.0000E+00,
748,893.45,11192.57,1546.28,1042.5000,65535.0000,6272.0000,5229.5000,0.0000,0.0000,0.0000,1.0000,1.0000E+00,1.0000E+00,
749,893.59,11190.76,1548.10,1086.5000,65535.0000,6122.5000,5036.0000,0.0000,0.0000,0.0000,1.0000,1.0000E+00,1.0000E+00,
750,893.74,11188.95,1549.91,1098.5000,65535.0000,6043.0000,4944.5000,0.0000,0.0000,0.0000,1.0000,1.0000E+00,1.0000E+00,
751,893.88,11187.14,1551.71,1050.5000,65535.0000,5809.0000,4758.5000,0.0000,0.0000,0.0000,1.0000,1.0000E+00,1.0000E+00,
752,894.03,11185.33,1553.52,1064.0000,65535.0000,5710.0000,4646.0000,0.0000,0.0000,0.0000,1.0000,1.0000E+00,1.0000E+00,
753,894.17,11183.52,1555.33,1088.5000,65535.0000,5595.5000,4507.0000,0.0000,0.0000,0.0000,1.0000,1.0000E+00,1.0000E+00,
754,894.32,11181.72,1557.14,1033.5000,65535.0000,5555.0000,4521.5000,0.0000,0.0000,0.0000,1.0000,1.0000E+00,1.0000E+00,
755,894.46,11179.91,1558.94,1034.0000,65535.0000,5524.0000,4490.0000,0.0000,0.0000,0.0000,1.0000,1.0000E+00,1.0000E+00,
756,894.61,11178.10,1560.75,1097.5000,65535.0000,5651.0000,4553.5000,0.0000,0.0000,0.0000,1.0000,1.0000E+00,1.0000E+00,
757,894.75,11176.30,1562.55,1076.5000,65535.0000,5788.5000,4712.0000,0.0000,0.0000,0.0000,1.0000,1.0000E+00,1.0000E+00,
758,894.90,11174.49,1564.36,1027.0000,65535.0000,5802.5000,4775.5000,0.0000,0.0000,0.0000,1.0000,1.0000E+00,1.0000E+00,
759,895.04,11172.69,1566.16,1052.0000,65535.0000,5961.5000,4909.5000,0.0000,0.0000,0.0000,1.0000,1.0000E+00,1.0000E+00,
760,895.18,11170.89,1567.97,1049.0000,65535.0000,6032.5000,4983.5000,0.0000,0.0000,0.0000,1.0000,1.0000E+00,1.0000E+00,
761,895.33,11169.09,1569.77,1031.0000,65535.0000,6181.0000,5150.0000,0.0000,0.0000,0.0000,1.0000,1.0000E+00,1.0000E+00,
762,895.47,11167.29,1571.57,1019.0000,65535.0000,6458.5000,5439.5000,0.0000,0.0000,0.0000,1.0000,1.0000E+00,1.0000E+00,
763,895.62,11165.48,1573.37,1029.0000,65535.0000,6777.0000,5748.0000,0.0000,0.0000,0.0000,1.0000,1.0000E+00,1.0000E+00,
764,895.76,11163.69,1575.17,1035.0000,65535.0000,7425.0000,6390.0000,0.0000,0.0000,0.0000,1.0000,1.0000E+00,1.0000E+00,
765,895.91,11161.89,1576.97,1025.5000,65535.0000,8010.5000,6985.0000,0.0000,0.0000,0.0000,1.0000,1.0000E+00,1.0000E+00,
766,896.05,11160.09,1578.77,1000.0000,65535.0000,8566.0000,7566.0000,0.0000,0.0000,0.0000,1.0000,1.0000E+00,1.0000E+00,
767,896.19,11158.29,1580.56,1002.5000,65535.0000,8865.0000,7862.5000,0.0000,0.0000,0.0000,1.0000,1.0000E+00,1.0000E+00,
768,896.34,11156.49,1582.36,971.0000,65535.0000,8963.0000,7992.0000,0.0000,0.0000,0.0000,1.0000,1.0000E+00,1.0000E+00,
769,896.48,11154.70,1584.16,986.0000,65535.0000,9087.5000,8101.5000,0.0000,0.0000,0.0000,1.0000,1.0000E+00,1.0000E+00,
770,896.63,11152.90,1585.95,1018.5000,65535.0000,9128.0000,8109.5000,0.0000,0.0000,0.0000,1.0000,1.0000E+00,1.0000E+00,
771,896.77,11151.11,1587.75,1053.0000,65535.0000,8822.0000,7769.0000,0.0000,0.0000,0.0000,1.0000,1.0000E+00,1.0000E+00,
772,896.92,11149.31,1589.54,1008.5000,65535.0000,8178.0000,7169.5000,0.0000,0.0000,0.0000,1.0000,1.0000E+00,1.0000E+00,
773,897.06,11147.52,1591.33,1038.0000,65535.0000,7420.5000,6382.5000,0.0000,0.0000,0.0000,1.0000,1.0000E+00,1.0000E+00,
774,897.20,11145.73,1593.13,1018.5000,65535.0000,6768.0000,5749.5000,0.0000,0.0000,0.0000,1.0000,1.0000E+00,1.0000E+00,
775,897.35,11143.94,1594.92,1045.5000,65535.0000,6477.0000,5431.5000,0.0000,0.0000,0.0000,1.0000,1.0000E+00,1.0000E+00,
776,897.49,11142.15,1596.71,1039.0000,65535.0000,6410.0000,5371.0000,0.0000,0.0000,0.0000,1.0000,1.0000E+00,1.0000E+00,
777,897.64,11140.35,1598.50,1046.0000,65535.0000,6617.5000,5571.5000,0.0000,0.0000,0.0000,1.0000,1.0000E+00,1.0000E+00,
778,897.78,11138.57,1600.29,989.0000,65535.0000,7140.0000,6151.0000,0.0000,0.0000,0.0000,1.0000,1.0000E+00,1.0000E+00,
779,897.93,11136.78,1602.08,984.5000,65535.0000,8212.0000,7227.5000,0.0000,0.0000,0.0000,1.0000,1.0000E+00,1.0000E+00,
780,898.07,11134.99,1603.87,1021.0000,65535.0000,9798.5000,8777.5000,0.0000,0.0000,0.0000,1.0000,1.0000E+00,1.0000E+00,
781,898.21,11133.20,1605.65,1028.0000,65535.0000,12033.0000,11005.0000,0.0000,0.0000,0.0000,1.0000,1.0000E+00,1.0000E+00,
782,898.36,11131.41,1607.44,1036.0000,65535.0000,14623.0000,13587.0000,0.0000,0.0000,0.0000,1.0000,1.0000E+00,1.0000E+00,
783,898.50,11129.63,1609.23,942.5000,65535.0000,16715.5000,15773.0000,0.0000,0.0000,0.0000,1.0000,1.0000E+00,1.0000E+00,
784,898.65,11127.84,1611.01,950.5000,65535.0000,17799.0000,16848.5000,0.0000,0.0000,0.0000,1.0000,1.0000E+00,1.0000E+00,
785,898.79,11126.06,1612.79,963.5000,65535.0000,17093.0000,16129.5000,0.0000,0.0000,0.0000,1.0000,1.0000E+00,1.0000E+00,
786,898.93,11124.28,1614.58,960.5000,65535.0000,14958.0000,13997.5000,0.0000,0.0000,0.0000,1.0000,1.0000E+00,1.0000E+00,
787,899.08,11122.49,1616.36,986.5000,65535.0000,12397.0000,11410.5000,0.0000,0.0000,0.0000,1.0000,1.0000E+00,1.0000E+00,
788,899.22,11120.71,1618.14,1024.0000,65535.0000,10212.0000,9188.0000,0.0000,0.0000,0.0000,1.0000,1.0000E+00,1.0000E+00,
789,899.37,11118.93,1619.93,1055.0000,65535.0000,8569.0000,7514.0000,0.0000,0.0000,0.0000,1.0000,1.0000E+00,1.0000E+00,
790,899.51,11117.15,1621.71,1011.5000,65535.0000,7533.0000,6521.5000,0.0000,0.0000,0.0000,1.0000,1.0000E+00,1.0000E+00,
791,899.66,11115.37,1623.49,998.0000,65535.0000,6867.5000,5869.5000,0.0000,0.0000,0.0000,1.0000,1.0000E+00,1.0000E+00,
792,899.80,11113.59,1625.27,965.5000,65535.0000,6251.0000,5285.5000,0.0000,0.0000,0.0000,1.0000,1.0000E+00,1.0000E+00,
793,899.94,11111.81,1627.04,966.5000,65535.0000,5865.0000,4898.5000,0.0000,0.0000,0.0000,1.0000,1.0000E+00,1.0000E+00,
794,900.09,11110.03,1628.82,970.5000,65535.0000,5497.5000,4527.0000,0.0000,0.0000,0.0000,1.0000,1.0000E+00,1.0000E+00,
795,900.23,11108.25,1630.60,995.5000,65535.0000,5201.0000,4205.5000,0.0000,0.0000,0.0000,1.0000,1.0000E+00,1.0000E+00,
796,900.38,11106.48,1632.38,1089.5000,65535.0000,5011.0000,3921.5000,0.0000,0.0000,0.0000,1.0000,1.0000E+00,1.0000E+00,
797,900.52,11104.70,1634.15,972.5000,65535.0000,4799.5000,3827.0000,0.0000,0.0000,0.0000,1.0000,1.0000E+00,1.0000E+00,
798,900.66,11102.93,1635.93,989.0000,65535.0000,4605.5000,3616.5000,0.0000,0.0000,0.0000,1.0000,1.0000E+00,1.0000E+00,
799,900.81,11101.15,1637.70,1026.0000,65535.0000,4576.5000,3550.5000,0.0000,0.0000,0.0000,1.0000,1.0000E+00,1.0000E+00,
800,900.95,11099.38,1639.48,951.5000,65535.0000,4418.5000,3467.0000,0.0000,0.0000,0.0000,1.0000,1.0000E+00,1.0000E+00,
801,901.10,11097.60,1641.25,1011.0000,65535.0000,4430.5000,3419.5000,0.0000,0.0000,0.0000,1.0000,1.0000E+00,1.0000E+00,
802,901.24,11095.83,1643.02,997.5000,65535.0000,4268.5000,3271.0000,0.0000,0.0000,0.0000,1.0000,1.0000E+00,1.0000E+00,
803,901.38,11094.06,1644.79,980.5000,65535.0000,4271.0000,3290.5000,0.0000,0.0000,0.0000,1.0000,1.0000E+00,1.0000E+00,
804,901.53,11092.29,1646.56,969.5000,65535.0000,4239.0000,3269.5000,0.0000,0.0000,0.0000,1.0000,1.0000E+00,1.0000E+00,
805,901.67,11090.52,1648.33,1009.0000,65535.0000,4208.5000,3199.5000,0.0000,0.0000,0.0000,1.0000,1.0000E+00,1.0000E+00,
806,901.81,11088.75,1650.10,1042.5000,65535.0000,4181.5000,3139.0000,0.0000,0.0000,0.0000,1.0000,1.0000E+00,1.0000E+00,
807,901.96,11086.98,1651.87,1030.0000,65535.0000,4176.5000,3146.5000,0.0000,0.0000,0.0000,1.0000,1.0000E+00,1.0000E+00,
808,902.10,11085.21,1653.64,956.5000,65535.0000,4091.0000,3134.5000,0.0000,0.0000,0.0000,1.0000,1.0000E+00,1.0000E+00,
809,902.25,11083.45,1655.41,966.5000,65535.0000,3999.0000,3032.5000,0.0000,0.0000,0.0000,1.0000,1.0000E+00,1.0000E+00,
810,902.39,11081.68,1657.17,959.0000,65535.0000,3957.0000,2998.0000,0.0000,0.0000,0.0000,1.0000,1.0000E+00,1.0000E+00,
811,902.53,11079.91,1658.94,998.5000,65535.0000,3948.0000,2949.5000,0.0000,0.0000,0.0000,1.0000,1.0000E+00,1.0000E+00,
812,902.68,11078.15,1660.70,981.0000,65535.0000,3970.5000,2989.5000,0.0000,0.0000,0.0000,1.0000,1.0000E+00,1.0000E+00,
813,902.82,11076.38,1662.47,999.5000,65535.0000,3907.0000,2907.5000,0.0000,0.0000,0.0000,1.0000,1.0000E+00,1.0000E+00,
814,902.97,11074.62,1664.23,1010.0000,65535.0000,3830.0000,2820.0000,0.0000,0.0000,0.0000,1.0000,1.0000E+00,1.0000E+00,
815,903.11,11072.86,1666.00,990.0000,65535.0000,3844.5000,2854.5000,0.0000,0.0000,0.0000,1.0000,1.0000E+00,1.0000E+00,
816,903.25,11071.10,1667.76,1053.5000,65535.0000,3840.0000,2786.5000,0.0000,0.0000,0.0000,1.0000,1.0000E+00,1.0000E+00,
817,903.40,11069.33,1669.52,1059.5000,65535.0000,3783.5000,2724.0000,0.0000,0.0000,0.0000,1.0000,1.0000E+00,1.0000E+00,
818,903.54,11067.57,1671.28,1029.5000,65535.0000,3800.0000,2770.5000,0.0000,0.0000,0.0000,1.0000,1.0000E+00,1.0000E+00,
819,903.68,11065.81,1673.04,994.0000,65535.0000,3742.5000,2748.5000,0.0000,0.0000,0.0000,1.0000,1.0000E+00,1.0000E+00,
820,903.83,11064.05,1674.80,1011.5000,65535.0000,3736.0000,2724.5000,0.0000,0.0000,0.0000,1.0000,1.0000E+00,1.0000E+00,
821,903.97,11062.29,1676.56,1021.0000,65535.0000,3725.0000,2704.0000,0.0000,0.0000,0.0000,1.0000,1.0000E+00,1.0000E+00,
822,904.12,11060.54,1678.32,1002.5000,65535.0000,3718.5000,2716.0000,0.0000,0.0000,0.0000,1.0000,1.0000E+00,1.0000E+00,
823,904.26,11058.78,1680.07,1032.0000,65535.0000,3719.0000,2687.0000,0.0000,0.0000,0.0000,1.0000,1.0000E+00,1.0000E+00,
824,904.40,11057.02,1681.83,1051.5000,65535.0000,3653.0000,2601.5000,0.0000,0.0000,0.0000,1.0000,1.0000E+00,1.0000E+00,
825,904.55,11055.27,1683.59,1066.5000,65535.0000,3702.0000,2635.5000,0.0000,0.0000,0.0000,1.0000,1.0000E+00,1.0000E+00,
826,904.69,11053.51,1685.34,1008.5000,65535.0000,3599.0000,2590.5000,0.0000,0.0000,0.0000,1.0000,1.0000E+00,1.0000E+00,
827,904.83,11051.76,1687.10,1046.5000,65535.0000,3586.5000,2540.0000,0.0000,0.0000,0.0000,1.0000,1.0000E+00,1.0000E+00,
828,904.98,11050.00,1688.85,1019.0000,65535.0000,3605.0000,2586.0000,0.0000,0.0000,0.0000,1.0000,1.0000E+00,1.0000E+00,
829,905.12,11048.25,1690.60,1012.0000,65535.0000,3557.5000,2545.5000,0.0000,0.0000,0.0000,1.0000,1.0000E+00,1.0000E+00,
830,905.26,11046.50,1692.36,1026.0000,65535.0000,3617.0000,2591.0000,0.0000,0.0000,0.0000,1.0000,1.0000E+00,1.0000E+00,
831,905.41,11044.75,1694.11,1030.5000,65535.0000,3562.0000,2531.5000,0.0000,0.0000,0.0000,1.0000,1.0000E+00,1.0000E+00,
832,905.55,11043.00,1695.86,1096.0000,65535.0000,3651.0000,2555.0000,0.0000,0.0000,0.0000,1.0000,1.0000E+00,1.0000E+00,
833,905.69,11041.24,1697.61,1044.0000,65535.0000,3538.5000,2494.5000,0.0000,0.0000,0.0000,1.0000,1.0000E+00,1.0000E+00,
834,905.84,11039.50,1699.36,1017.5000,65535.0000,3517.5000,2500.0000,0.0000,0.0000,0.0000,1.0000,1.0000E+00,1.0000E+00,
835,905.98,11037.75,1701.11,963.5000,65535.0000,3455.5000,2492.0000,0.0000,0.0000,0.0000,1.0000,1.0000E+00,1.0000E+00,
836,906.13,11036.00,1702.86,960.5000,65535.0000,3470.0000,2509.5000,0.0000,0.0000,0.0000,1.0000,1.0000E+00,1.0000E+00,
837,906.27,11034.25,1704.60,999.0000,65535.0000,3484.0000,2485.0000,0.0000,0.0000,0.0000,1.0000,1.0000E+00,1.0000E+00,
838,906.41,11032.50,1706.35,1265.0000,65535.0000,3722.5000,2457.5000,0.0000,0.0000,0.0000,1.0000,1.0000E+00,1.0000E+00,
839,906.56,11030.76,1708.10,1001.0000,65535.0000,3479.0000,2478.0000,0.0000,0.0000,0.0000,1.0000,1.0000E+00,1.0000E+00,
840,906.70,11029.01,1709.84,982.0000,65535.0000,3490.5000,2508.5000,0.0000,0.0000,0.0000,1.0000,1.0000E+00,1.0000E+00,
841,906.84,11027.27,1711.59,972.0000,65535.0000,3427.5000,2455.5000,0.0000,0.0000,0.0000,1.0000,1.0000E+00,1.0000E+00,
842,906.99,11025.52,1713.33,991.5000,65535.0000,3423.5000,2432.0000,0.0000,0.0000,0.0000,1.0000,1.0000E+00,1.0000E+00,
843,907.13,11023.78,1715.07,1016.0000,65535.0000,3443.0000,2427.0000,0.0000,0.0000,0.0000,1.0000,1.0000E+00,1.0000E+00,
844,907.27,11022.04,1716.82,1078.5000,65535.0000,3460.0000,2381.5000,0.0000,0.0000,0.0000,1.0000,1.0000E+00,1.0000E+00,
845,907.42,11020.30,1718.56,995.0000,65535.0000,3340.5000,2345.5000,0.0000,0.0000,0.0000,1.0000,1.0000E+00,1.0000E+00,
846,907.56,11018.56,1720.30,1021.0000,65535.0000,3361.0000,2340.0000,0.0000,0.0000,0.0000,1.0000,1.0000E+00,1.0000E+00,
847,907.70,11016.81,1722.04,964.5000,65535.0000,3316.5000,2352.0000,0.0000,0.0000,0.0000,1.0000,1.0000E+00,1.0000E+00,
848,907.85,11015.08,1723.78,969.5000,65535.0000,3357.0000,2387.5000,0.0000,0.0000,0.0000,1.0000,1.0000E+00,1.0000E+00,
849,907.99,11013.34,1725.52,1026.0000,65535.0000,3342.0000,2316.0000,0.0000,0.0000,0.0000,1.0000,1.0000E+00,1.0000E+00,
850,908.13,11011.60,1727.26,1017.5000,65535.0000,3291.0000,2273.5000,0.0000,0.0000,0.0000,1.0000,1.0000E+00,1.0000E+00,
851,908.28,11009.86,1728.99,975.0000,65535.0000,3347.0000,2372.0000,0.0000,0.0000,0.0000,1.0000,1.0000E+00,1.0000E+00,
852,908.42,11008.12,1730.73,998.0000,65535.0000,3252.0000,2254.0000,0.0000,0.0000,0.0000,1.0000,1.0000E+00,1.0000E+00,
853,908.56,11006.39,1732.47,979.0000,65535.0000,3280.0000,2301.0000,0.0000,0.0000,0.0000,1.0000,1.0000E+00,1.0000E+00,
854,908.71,11004.65,1734.20,980.5000,65535.0000,3216.0000,2235.5000,0.0000,0.0000,0.0000,1.0000,1.0000E+00,1.0000E+00,
855,908.85,11002.92,1735.94,988.0000,65535.0000,3240.5000,2252.5000,0.0000,0.0000,0.0000,1.0000,1.0000E+00,1.0000E+00,
856,908.99,11001.18,1737.67,1010.0000,65535.0000,3248.0000,2238.0000,0.0000,0.0000,0.0000,1.0000,1.0000E+00,1.0000E+00,
857,909.14,10999.45,1739.40,947.0000,65535.0000,3242.0000,2295.0000,0.0000,0.0000,0.0000,1.0000,1.0000E+00,1.0000E+00,
858,909.28,10997.72,1741.14,958.0000,65535.0000,3237.5000,2279.5000,0.0000,0.0000,0.0000,1.0000,1.0000E+00,1.0000E+00,
859,909.42,10995.98,1742.87,1019.0000,65535.0000,3251.0000,2232.0000,0.0000,0.0000,0.0000,1.0000,1.0000E+00,1.0000E+00,
860,909.57,10994.25,1744.60,1057.5000,65535.0000,3225.5000,2168.0000,0.0000,0.0000,0.0000,1.0000,1.0000E+00,1.0000E+00,
861,909.71,10992.52,1746.33,963.5000,65535.0000,3178.5000,2215.0000,0.0000,0.0000,0.0000,1.0000,1.0000E+00,1.0000E+00,
862,909.85,10990.79,1748.06,949.5000,65535.0000,3132.5000,2183.0000,0.0000,0.0000,0.0000,1.0000,1.0000E+00,1.0000E+00,
863,910.00,10989.06,1749.79,1045.5000,65535.0000,3222.5000,2177.0000,0.0000,0.0000,0.0000,1.0000,1.0000E+00,1.0000E+00,
864,910.14,10987.33,1751.52,1036.5000,65535.0000,3198.5000,2162.0000,0.0000,0.0000,0.0000,1.0000,1.0000E+00,1.0000E+00,
865,910.28,10985.61,1753.25,1004.5000,65535.0000,3210.0000,2205.5000,0.0000,0.0000,0.0000,1.0000,1.0000E+00,1.0000E+00,
866,910.43,10983.88,1754.97,957.5000,65535.0000,3146.5000,2189.0000,0.0000,0.0000,0.0000,1.0000,1.0000E+00,1.0000E+00,
867,910.57,10982.15,1756.70,998.0000,65535.0000,3164.0000,2166.0000,0.0000,0.0000,0.0000,1.0000,1.0000E+00,1.0000E+00,
868,910.71,10980.43,1758.43,1027.0000,65535.0000,3229.0000,2202.0000,0.0000,0.0000,0.0000,1.0000,1.0000E+00,1.0000E+00,
869,910.85,10978.70,1760.15,986.0000,65535.0000,3213.0000,2227.0000,0.0000,0.0000,0.0000,1.0000,1.0000E+00,1.0000E+00,
870,911.00,10976.98,1761.88,1015.5000,65535.0000,3182.0000,2166.5000,0.0000,0.0000,0.0000,1.0000,1.0000E+00,1.0000E+00,
871,911.14,10975.25,1763.60,1056.0000,65535.0000,3180.5000,2124.5000,0.0000,0.0000,0.0000,1.0000,1.0000E+00,1.0000E+00,
872,911.28,10973.53,1765.32,1003.5000,65535.0000,3162.0000,2158.5000,0.0000,0.0000,0.0000,1.0000,1.0000E+00,1.0000E+00,
873,911.43,10971.81,1767.05,979.5000,65535.0000,3140.0000,2160.5000,0.0000,0.0000,0.0000,1.0000,1.0000E+00,1.0000E+00,
874,911.57,10970.09,1768.77,1003.0000,65535.0000,3156.0000,2153.0000,0.0000,0.0000,0.0000,1.0000,1.0000E+00,1.0000E+00,
875,911.71,10968.37,1770.49,948.5000,65535.0000,3130.0000,2181.5000,0.0000,0.0000,0.0000,1.0000,1.0000E+00,1.0000E+00,
876,911.86,10966.64,1772.21,986.5000,65535.0000,3193.5000,2207.0000,0.0000,0.0000,0.0000,1.0000,1.0000E+00,1.0000E+00,
877,912.00,10964.93,1773.93,1068.0000,65535.0000,3170.0000,2102.0000,0.0000,0.0000,0.0000,1.0000,1.0000E+00,1.0000E+00,
878,912.14,10963.21,1775.65,1094.0000,65535.0000,3259.5000,2165.5000,0.0000,0.0000,0.0000,1.0000,1.0000E+00,1.0000E+00,
879,912.28,10961.49,1777.37,1008.0000,65535.0000,3136.0000,2128.0000,0.0000,0.0000,0.0000,1.0000,1.0000E+00,1.0000E+00,
880,912.43,10959.77,1779.08,1010.0000,65535.0000,3180.5000,2170.5000,0.0000,0.0000,0.0000,1.0000,1.0000E+00,1.0000E+00,
881,912.57,10958.05,1780.80,1015.5000,65535.0000,3125.5000,2110.0000,0.0000,0.0000,0.0000,1.0000,1.0000E+00,1.0000E+00,
882,912.71,10956.34,1782.52,957.0000,65535.0000,3112.5000,2155.5000,0.0000,0.0000,0.0000,1.0000,1.0000E+00,1.0000E+00,
883,912.86,10954.62,1784.23,961.0000,65535.0000,3069.0000,2108.0000,0.0000,0.0000,0.0000,1.0000,1.0000E+00,1.0000E+00,
884,913.00,10952.91,1785.95,1013.0000,65535.0000,3129.0000,2116.0000,0.0000,0.0000,0.0000,1.0000,1.0000E+00,1.0000E+00,
885,913.14,10951.19,1787.66,982.0000,65535.0000,3108.0000,2126.0000,0.0000,0.0000,0.0000,1.0000,1.0000E+00,1.0000E+00,
886,913.29,10949.48,1789.37,934.5000,65535.0000,3051.5000,2117.0000,0.0000,0.0000,0.0000,1.0000,1.0000E+00,1.0000E+00,
887,913.43,10947.77,1791.09,938.0000,65535.0000,3074.5000,2136.5000,0.0000,0.0000,0.0000,1.0000,1.0000E+00,1.0000E+00,
888,913.57,10946.05,1792.80,967.5000,65535.0000,3043.5000,2076.0000,0.0000,0.0000,0.0000,1.0000,1.0000E+00,1.0000E+00,
889,913.71,10944.34,1794.51,995.0000,65535.0000,3051.0000,2056.0000,0.0000,0.0000,0.0000,1.0000,1.0000E+00,1.0000E+00,
890,913.86,10942.63,1796.22,985.0000,65535.0000,3118.0000,2133.0000,0.0000,0.0000,0.0000,1.0000,1.0000E+00,1.0000E+00,
891,914.00,10940.92,1797.93,1021.0000,65535.0000,3078.5000,2057.5000,0.0000,0.0000,0.0000,1.0000,1.0000E+00,1.0000E+00,
892,914.14,10939.21,1799.64,983.0000,65535.0000,3043.0000,2060.0000,0.0000,0.0000,0.0000,1.0000,1.0000E+00,1.0000E+00,
893,914.29,10937.50,1801.35,984.5000,65535.0000,3076.5000,2092.0000,0.0000,0.0000,0.0000,1.0000,1.0000E+00,1.0000E+00,
894,914.43,10935.80,1803.06,1005.5000,65535.0000,3051.0000,2045.5000,0.0000,0.0000,0.0000,1.0000,1.0000E+00,1.0000E+00,
895,914.57,10934.09,1804.76,1013.0000,65535.0000,3084.5000,2071.5000,0.0000,0.0000,0.0000,1.0000,1.0000E+00,1.0000E+00,
896,914.71,10932.38,1806.47,988.5000,65535.0000,3025.0000,2036.5000,0.0000,0.0000,0.0000,1.0000,1.0000E+00,1.0000E+00,
897,914.86,10930.68,1808.18,945.5000,65535.0000,2991.5000,2046.0000,0.0000,0.0000,0.0000,1.0000,1.0000E+00,1.0000E+00,
898,915.00,10928.97,1809.88,938.0000,65535.0000,3005.0000,2067.0000,0.0000,0.0000,0.0000,1.0000,1.0000E+00,1.0000E+00,
899,915.14,10927.27,1811.59,927.0000,65535.0000,2991.5000,2064.5000,0.0000,0.0000,0.0000,1.0000,1.0000E+00,1.0000E+00,
900,915.28,10925.56,1813.29,930.5000,65535.0000,2944.5000,2014.0000,0.0000,0.0000,0.0000,1.0000,1.0000E+00,1.0000E+00,
901,915.43,10923.86,1814.99,929.0000,65535.0000,2977.5000,2048.5000,0.0000,0.0000,0.0000,1.0000,1.0000E+00,1.0000E+00,
902,915.57,10922.16,1816.70,966.5000,65535.0000,3021.5000,2055.0000,0.0000,0.0000,0.0000,1.0000,1.0000E+00,1.0000E+00,
903,915.71,10920.46,1818.40,998.5000,65535.0000,2962.0000,1963.5000,0.0000,0.0000,0.0000,1.0000,1.0000E+00,1.0000E+00,
904,915.86,10918.75,1820.10,992.5000,65535.0000,2979.5000,1987.0000,0.0000,0.0000,0.0000,1.0000,1.0000E+00,1.0000E+00,
905,916.00,10917.05,1821.80,980.0000,65535.0000,2972.0000,1992.0000,0.0000,0.0000,0.0000,1.0000,1.0000E+00,1.0000E+00,
906,916.14,10915.35,1823.50,1006.0000,65535.0000,2999.5000,1993.5000,0.0000,0.0000,0.0000,1.0000,1.0000E+00,1.0000E+00,
907,916.28,10913.66,1825.20,987.5000,65535.0000,2978.0000,1990.5000,0.0000,0.0000,0.0000,1.0000,1.0000E+00,1.0000E+00,
908,916.43,10911.96,1826.90,1207.5000,65535.0000,3030.0000,1822.5000,0.0000,0.0000,0.0000,1.0000,1.0000E+00,1.0000E+00,
909,916.57,10910.26,1828.59,935.0000,65535.0000,2962.0000,2027.0000,0.0000,0.0000,0.0000,1.0000,1.0000E+00,1.0000E+00,
910,916.71,10908.56,1830.29,1006.5000,65535.0000,2984.0000,1977.5000,0.0000,0.0000,0.0000,1.0000,1.0000E+00,1.0000E+00,
911,916.85,10906.87,1831.99,1019.5000,65535.0000,2987.0000,1967.5000,0.0000,0.0000,0.0000,1.0000,1.0000E+00,1.0000E+00,
912,917.00,10905.17,1833.68,967.5000,65535.0000,2959.0000,1991.5000,0.0000,0.0000,0.0000,1.0000,1.0000E+00,1.0000E+00,
913,917.14,10903.47,1835.38,929.0000,65535.0000,2920.0000,1991.0000,0.0000,0.0000,0.0000,1.0000,1.0000E+00,1.0000E+00,
914,917.28,10901.78,1837.07,954.0000,65535.0000,2912.5000,1958.5000,0.0000,0.0000,0.0000,1.0000,1.0000E+00,1.0000E+00,
915,917.42,10900.09,1838.77,927.0000,65535.0000,2893.0000,1966.0000,0.0000,0.0000,0.0000,1.0000,1.0000E+00,1.0000E+00,
916,917.57,10898.39,1840.46,966.0000,65535.0000,2937.0000,1971.0000,0.0000,0.0000,0.0000,1.0000,1.0000E+00,1.0000E+00,
917,917.71,10896.70,1842.15,988.5000,65535.0000,2924.5000,1936.0000,0.0000,0.0000,0.0000,1.0000,1.0000E+00,1.0000E+00,
918,917.85,10895.01,1843.84,1152.5000,65535.0000,3078.5000,1926.0000,0.0000,0.0000,0.0000,1.0000,1.0000E+00,1.0000E+00,
919,917.99,10893.32,1845.53,979.5000,65535.0000,2945.0000,1965.5000,0.0000,0.0000,0.0000,1.0000,1.0000E+00,1.0000E+00,
920,918.14,10891.63,1847.23,951.0000,65535.0000,2923.0000,1972.0000,0.0000,0.0000,0.0000,1.0000,1.0000E+00,1.0000E+00,
921,918.28,10889.94,1848.91,971.5000,65535.0000,2920.0000,1948.5000,0.0000,0.0000,0.0000,1.0000,1.0000E+00,1.0000E+00,
922,918.42,10888.25,1850.60,987.0000,65535.0000,2894.0000,1907.0000,0.0000,0.0000,0.0000,1.0000,1.0000E+00,1.0000E+00,
923,918.56,10886.56,1852.29,991.0000,65535.0000,2865.0000,1874.0000,0.0000,0.0000,0.0000,1.0000,1.0000E+00,1.0000E+00,
924,918.71,10884.87,1853.98,1027.0000,65535.0000,2907.0000,1880.0000,0.0000,0.0000,0.0000,1.0000,1.0000E+00,1.0000E+00,
925,918.85,10883.19,1855.67,1000.5000,65535.0000,2877.0000,1876.5000,0.0000,0.0000,0.0000,1.0000,1.0000E+00,1.0000E+00,
926,918.99,10881.50,1857.35,949.0000,65535.0000,2861.0000,1912.0000,0.0000,0.0000,0.0000,1.0000,1.0000E+00,1.0000E+00,
927,919.13,10879.82,1859.04,978.5000,65535.0000,2897.5000,1919.0000,0.0000,0.0000,0.0000,1.0000,1.0000E+00,1.0000E+00,
928,919.28,10878.13,1860.72,955.5000,65535.0000,2854.5000,1899.0000,0.0000,0.0000,0.0000,1.0000,1.0000E+00,1.0000E+00,
929,919.42,10876.45,1862.41,973.0000,65535.0000,2871.0000,1898.0000,0.0000,0.0000,0.0000,1.0000,1.0000E+00,1.0000E+00,
930,919.56,10874.76,1864.09,950.0000,65535.0000,2868.5000,1918.5000,0.0000,0.0000,0.0000,1.0000,1.0000E+00,1.0000E+00,
931,919.70,10873.08,1865.77,991.0000,65535.0000,2847.5000,1856.5000,0.0000,0.0000,0.0000,1.0000,1.0000E+00,1.0000E+00,
932,919.84,10871.40,1867.46,1000.5000,65535.0000,2922.5000,1922.0000,0.0000,0.0000,0.0000,1.0000,1.0000E+00,1.0000E+00,
933,919.99,10869.72,1869.14,1000.0000,65535.0000,2846.5000,1846.5000,0.0000,0.0000,0.0000,1.0000,1.0000E+00,1.0000E+00,
934,920.13,10868.03,1870.82,1014.5000,65535.0000,2828.0000,1813.5000,0.0000,0.0000,0.0000,1.0000,1.0000E+00,1.0000E+00,
935,920.27,10866.35,1872.50,1025.0000,65535.0000,2893.0000,1868.0000,0.0000,0.0000,0.0000,1.0000,1.0000E+00,1.0000E+00,
936,920.41,10864.67,1874.18,1000.0000,65535.0000,2836.0000,1836.0000,0.0000,0.0000,0.0000,1.0000,1.0000E+00,1.0000E+00,
937,920.56,10863.00,1875.86,994.0000,65535.0000,2798.0000,1804.0000,0.0000,0.0000,0.0000,1.0000,1.0000E+00,1.0000E+00,
938,920.70,10861.32,1877.54,1004.0000,65535.0000,2850.0000,1846.0000,0.0000,0.0000,0.0000,1.0000,1.0000E+00,1.0000E+00,
939,920.84,10859.64,1879.21,966.0000,65535.0000,2807.5000,1841.5000,0.0000,0.0000,0.0000,1.0000,1.0000E+00,1.0000E+00,
940,920.98,10857.96,1880.89,955.5000,65535.0000,2778.5000,1823.0000,0.0000,0.0000,0.0000,1.0000,1.0000E+00,1.0000E+00,
941,921.13,10856.29,1882.57,951.5000,65535.0000,2797.5000,1846.0000,0.0000,0.0000,0.0000,1.0000,1.0000E+00,1.0000E+00,
942,921.27,10854.61,1884.24,1003.5000,65535.0000,2839.5000,1836.0000,0.0000,0.0000,0.0000,1.0000,1.0000E+00,1.0000E+00,
943,921.41,10852.94,1885.92,953.0000,65535.0000,2833.0000,1880.0000,0.0000,0.0000,0.0000,1.0000,1.0000E+00,1.0000E+00,
944,921.55,10851.26,1887.59,1019.0000,65535.0000,2834.5000,1815.5000,0.0000,0.0000,0.0000,1.0000,1.0000E+00,1.0000E+00,
945,921.69,10849.59,1889.26,967.0000,65535.0000,2756.5000,1789.5000,0.0000,0.0000,0.0000,1.0000,1.0000E+00,1.0000E+00,
946,921.84,10847.92,1890.94,1085.0000,65535.0000,2889.5000,1804.5000,0.0000,0.0000,0.0000,1.0000,1.0000E+00,1.0000E+00,
947,921.98,10846.24,1892.61,974.0000,65535.0000,2788.5000,1814.5000,0.0000,0.0000,0.0000,1.0000,1.0000E+00,1.0000E+00,
948,922.12,10844.57,1894.28,939.0000,65535.0000,2767.5000,1828.5000,0.0000,0.0000,0.0000,1.0000,1.0000E+00,1.0000E+00,
949,922.26,10842.90,1895.95,992.0000,65535.0000,2743.0000,1751.0000,0.0000,0.0000,0.0000,1.0000,1.0000E+00,1.0000E+00,
950,922.40,10841.23,1897.62,986.5000,65535.0000,2758.5000,1772.0000,0.0000,0.0000,0.0000,1.0000,1.0000E+00,1.0000E+00,
951,922.55,10839.56,1899.29,943.5000,65535.0000,2819.0000,1875.5000,0.0000,0.0000,0.0000,1.0000,1.0000E+00,1.0000E+00,
952,922.69,10837.89,1900.96,977.5000,65535.0000,2743.0000,1765.5000,0.0000,0.0000,0.0000,1.0000,1.0000E+00,1.0000E+00,
953,922.83,10836.22,1902.63,1029.0000,65535.0000,2813.0000,1784.0000,0.0000,0.0000,0.0000,1.0000,1.0000E+00,1.0000E+00,
954,922.97,10834.56,1904.30,941.5000,65535.0000,2738.0000,1796.5000,0.0000,0.0000,0.0000,1.0000,1.0000E+00,1.0000E+00,
955,923.11,10832.89,1905.96,980.5000,65535.0000,2791.0000,1810.5000,0.0000,0.0000,0.0000,1.0000,1.0000E+00,1.0000E+00,
956,923.26,10831.22,1907.63,993.5000,65535.0000,2730.5000,1737.0000,0.0000,0.0000,0.0000,1.0000,1.0000E+00,1.0000E+00,
957,923.40,10829.56,1909.30,956.5000,65535.0000,2791.5000,1835.0000,0.0000,0.0000,0.0000,1.0000,1.0000E+00,1.0000E+00,
958,923.54,10827.89,1910.96,930.5000,65535.0000,2716.0000,1785.5000,0.0000,0.0000,0.0000,1.0000,1.0000E+00,1.0000E+00,
959,923.68,10826.23,1912.62,966.5000,65535.0000,2755.0000,1788.5000,0.0000,0.0000,0.0000,1.0000,1.0000E+00,1.0000E+00,
960,923.82,10824.56,1914.29,984.0000,65535.0000,2725.0000,1741.0000,0.0000,0.0000,0.0000,1.0000,1.0000E+00,1.0000E+00,
961,923.97,10822.90,1915.95,957.0000,65535.0000,2736.0000,1779.0000,0.0000,0.0000,0.0000,1.0000,1.0000E+00,1.0000E+00,
962,924.11,10821.24,1917.61,991.5000,65535.0000,2718.0000,1726.5000,0.0000,0.0000,0.0000,1.0000,1.0000E+00,1.0000E+00,
963,924.25,10819.58,1919.28,991.0000,65535.0000,2680.5000,1689.5000,0.0000,0.0000,0.0000,1.0000,1.0000E+00,1.0000E+00,
964,924.39,10817.92,1920.94,947.0000,65535.0000,2686.5000,1739.5000,0.0000,0.0000,0.0000,1.0000,1.0000E+00,1.0000E+00,
965,924.53,10816.26,1922.60,954.0000,65535.0000,2727.5000,1773.5000,0.0000,0.0000,0.0000,1.0000,1.0000E+00,1.0000E+00,
966,924.68,10814.60,1924.26,1006.0000,65535.0000,2716.5000,1710.5000,0.0000,0.0000,0.0000,1.0000,1.0000E+00,1.0000E+00,
967,924.82,10812.94,1925.92,954.0000,65535.0000,2688.5000,1734.5000,0.0000,0.0000,0.0000,1.0000,1.0000E+00,1.0000E+00,
968,924.96,10811.28,1927.57,946.0000,65535.0000,2689.0000,1743.0000,0.0000,0.0000,0.0000,1.0000,1.0000E+00,1.0000E+00,
969,925.10,10809.62,1929.23,951.5000,65535.0000,2660.5000,1709.0000,0.0000,0.0000,0.0000,1.0000,1.0000E+00,1.0000E+00,
970,925.24,10807.97,1930.89,984.0000,65535.0000,2653.5000,1669.5000,0.0000,0.0000,0.0000,1.0000,1.0000E+00,1.0000E+00,
971,925.39,10806.31,1932.54,963.5000,65535.0000,2666.5000,1703.0000,0.0000,0.0000,0.0000,1.0000,1.0000E+00,1.0000E+00,
972,925.53,10804.65,1934.20,954.5000,65535.0000,2661.0000,1706.5000,0.0000,0.0000,0.0000,1.0000,1.0000E+00,1.0000E+00,
973,925.67,10803.00,1935.86,977.0000,65535.0000,2680.5000,1703.5000,0.0000,0.0000,0.0000,1.0000,1.0000E+00,1.0000E+00,
974,925.81,10801.34,1937.51,989.5000,65535.0000,2625.5000,1636.0000,0.0000,0.0000,0.0000,1.0000,1.0000E+00,1.0000E+00,
975,925.95,10799.69,1939.16,1017.0000,65535.0000,2684.5000,1667.5000,0.0000,0.0000,0.0000,1.0000,1.0000E+00,1.0000E+00,
976,926.09,10798.04,1940.82,985.5000,65535.0000,2671.5000,1686.0000,0.0000,0.0000,0.0000,1.0000,1.0000E+00,1.0000E+00,
977,926.24,10796.38,1942.47,981.0000,65535.0000,2646.0000,1665.0000,0.0000,0.0000,0.0000,1.0000,1.0000E+00,1.0000E+00,
978,926.38,10794.73,1944.12,1005.5000,65535.0000,2669.0000,1663.5000,0.0000,0.0000,0.0000,1.0000,1.0000E+00,1.0000E+00,
979,926.52,10793.08,1945.77,1003.0000,65535.0000,2645.5000,1642.5000,0.0000,0.0000,0.0000,1.0000,1.0000E+00,1.0000E+00,
980,926.66,10791.43,1947.42,963.0000,65535.0000,2618.5000,1655.5000,0.0000,0.0000,0.0000,1.0000,1.0000E+00,1.0000E+00,
981,926.80,10789.78,1949.07,984.5000,65535.0000,2626.5000,1642.0000,0.0000,0.0000,0.0000,1.0000,1.0000E+00,1.0000E+00,
982,926.94,10788.13,1950.72,991.5000,65535.0000,2643.5000,1652.0000,0.0000,0.0000,0.0000,1.0000,1.0000E+00,1.0000E+00,
983,927.09,10786.48,1952.37,969.0000,65535.0000,2597.5000,1628.5000,0.0000,0.0000,0.0000,1.0000,1.0000E+00,1.0000E+00,
984,927.23,10784.84,1954.02,974.5000,65535.0000,2618.5000,1644.0000,0.0000,0.0000,0.0000,1.0000,1.0000E+00,1.0000E+00,
985,927.37,10783.19,1955.66,966.5000,65535.0000,2634.0000,1667.5000,0.0000,0.0000,0.0000,1.0000,1.0000E+00,1.0000E+00,
986,927.51,10781.54,1957.31,990.5000,65535.0000,2632.5000,1642.0000,0.0000,0.0000,0.0000,1.0000,1.0000E+00,1.0000E+00,
987,927.65,10779.90,1958.96,913.0000,65535.0000,2597.0000,1684.0000,0.0000,0.0000,0.0000,1.0000,1.0000E+00,1.0000E+00,
988,927.79,10778.25,1960.60,950.0000,65535.0000,2624.0000,1674.0000,0.0000,0.0000,0.0000,1.0000,1.0000E+00,1.0000E+00,
989,927.94,10776.61,1962.25,987.5000,65535.0000,2611.0000,1623.5000,0.0000,0.0000,0.0000,1.0000,1.0000E+00,1.0000E+00,
990,928.08,10774.96,1963.89,964.5000,65535.0000,2585.0000,1620.5000,0.0000,0.0000,0.0000,1.0000,1.0000E+00,1.0000E+00,
991,928.22,10773.32,1965.53,929.5000,65535.0000,2575.5000,1646.0000,0.0000,0.0000,0.0000,1.0000,1.0000E+00,1.0000E+00,
992,928.36,10771.68,1967.18,947.5000,65535.0000,2588.0000,1640.5000,0.0000,0.0000,0.0000,1.0000,1.0000E+00,1.0000E+00,
993,928.50,10770.03,1968.82,942.5000,65535.0000,2574.5000,1632.0000,0.0000,0.0000,0.0000,1.0000,1.0000E+00,1.0000E+00,
994,928.64,10768.39,1970.46,940.5000,65535.0000,2563.5000,1623.0000,0.0000,0.0000,0.0000,1.0000,1.0000E+00,1.0000E+00,
995,928.79,10766.75,1972.10,913.5000,65535.0000,2553.0000,1639.5000,0.0000,0.0000,0.0000,1.0000,1.0000E+00,1.0000E+00,
996,928.93,10765.11,1973.74,960.5000,65535.0000,2624.5000,1664.0000,0.0000,0.0000,0.0000,1.0000,1.0000E+00,1.0000E+00,
997,929.07,10763.47,1975.38,942.0000,65535.0000,2544.0000,1602.0000,0.0000,0.0000,0.0000,1.0000,1.0000E+00,1.0000E+00,
998,929.21,10761.83,1977.02,960.0000,65535.0000,2590.5000,1630.5000,0.0000,0.0000,0.0000,1.0000,1.0000E+00,1.0000E+00,
999,929.35,10760.20,1978.66,931.0000,65535.0000,2606.5000,1675.5000,0.0000,0.0000,0.0000,1.0000,1.0000E+00,1.0000E+00,
1000,929.49,10758.56,1980.29,938.0000,65535.0000,2548.0000,1610.0000,0.0000,0.0000,0.0000,1.0000,1.0000E+00,1.0000E+00,
1001,929.63,10756.92,1981.93,932.0000,65535.0000,2523.0000,1591.0000,0.0000,0.0000,0.0000,1.0000,1.0000E+00,1.0000E+00,
1002,929.78,10755.29,1983.57,896.5000,65535.0000,2572.0000,1675.5000,0.0000,0.0000,0.0000,1.0000,1.0000E+00,1.0000E+00,
1003,929.92,10753.65,1985.20,957.0000,65535.0000,2556.5000,1599.5000,0.0000,0.0000,0.0000,1.0000,1.0000E+00,1.0000E+00,
1004,930.06,10752.02,1986.84,937.0000,65535.0000,2506.5000,1569.5000,0.0000,0.0000,0.0000,1.0000,1.0000E+00,1.0000E+00,
1005,930.20,10750.38,1988.47,967.5000,65535.0000,2546.0000,1578.5000,0.0000,0.0000,0.0000,1.0000,1.0000E+00,1.0000E+00,
1006,930.34,10748.75,1990.11,971.5000,65535.0000,2561.5000,1590.0000,0.0000,0.0000,0.0000,1.0000,1.0000E+00,1.0000E+00,
1007,930.48,10747.12,1991.74,919.0000,65535.0000,2501.0000,1582.0000,0.0000,0.0000,0.0000,1.0000,1.0000E+00,1.0000E+00,
1008,930.62,10745.48,1993.37,890.0000,65535.0000,2486.5000,1596.5000,0.0000,0.0000,0.0000,1.0000,1.0000E+00,1.0000E+00,
1009,930.76,10743.85,1995.00,892.5000,65535.0000,2518.5000,1626.0000,0.0000,0.0000,0.0000,1.0000,1.0000E+00,1.0000E+00,
1010,930.91,10742.22,1996.63,965.0000,65535.0000,2572.5000,1607.5000,0.0000,0.0000,0.0000,1.0000,1.0000E+00,1.0000E+00,
1011,931.05,10740.59,1998.26,924.0000,65535.0000,2522.0000,1598.0000,0.0000,0.0000,0.0000,1.0000,1.0000E+00,1.0000E+00,
1012,931.19,10738.96,1999.89,935.5000,65535.0000,2507.0000,1571.5000,0.0000,0.0000,0.0000,1.0000,1.0000E+00,1.0000E+00,
1013,931.33,10737.33,2001.52,906.0000,65535.0000,2475.5000,1569.5000,0.0000,0.0000,0.0000,1.0000,1.0000E+00,1.0000E+00,
1014,931.47,10735.70,2003.15,837.0000,65535.0000,2428.0000,1591.0000,0.0000,0.0000,0.0000,1.0000,1.0000E+00,1.0000E+00,
1015,931.61,10734.08,2004.78,909.0000,65535.0000,2453.5000,1544.5000,0.0000,0.0000,0.0000,1.0000,1.0000E+00,1.0000E+00,
1016,931.75,10732.45,2006.41,874.5000,65535.0000,2444.0000,1569.5000,0.0000,0.0000,0.0000,1.0000,1.0000E+00,1.0000E+00,
1017,931.90,10730.82,2008.03,911.5000,65535.0000,2433.0000,1521.5000,0.0000,0.0000,0.0000,1.0000,1.0000E+00,1.0000E+00,
1018,932.04,10729.20,2009.66,845.5000,65535.0000,2448.5000,1603.0000,0.0000,0.0000,0.0000,1.0000,1.0000E+00,1.0000E+00,
1019,932.18,10727.57,2011.28,843.5000,65535.0000,2382.5000,1539.0000,0.0000,0.0000,0.0000,1.0000,1.0000E+00,1.0000E+00,
1020,932.32,10725.95,2012.91,851.5000,65535.0000,2390.0000,1538.5000,0.0000,0.0000,0.0000,1.0000,1.0000E+00,1.0000E+00,
1021,932.46,10724.32,2014.53,891.5000,65535.0000,2443.5000,1552.0000,0.0000,0.0000,0.0000,1.0000,1.0000E+00,1.0000E+00,
1022,932.60,10722.70,2016.15,899.0000,65535.0000,2431.0000,1532.0000,0.0000,0.0000,0.0000,1.0000,1.0000E+00,1.0000E+00,
1023,932.74,10721.08,2017.78,920.0000,65535.0000,2436.0000,1516.0000,0.0000,0.0000,0.0000,1.0000,1.0000E+00,1.0000E+00,
1024,932.88,10719.45,2019.40,875.5000,65535.0000,2402.0000,1526.5000,0.0000,0.0000,0.0000,1.0000,1.0000E+00,1.0000E+00,
1025,933.02,10717.83,2021.02,882.0000,65535.0000,2408.0000,1526.0000,0.0000,0.0000,0.0000,1.0000,1.0000E+00,1.0000E+00,
1026,933.17,10716.21,2022.64,867.5000,65535.0000,2359.0000,1491.5000,0.0000,0.0000,0.0000,1.0000,1.0000E+00,1.0000E+00,
1027,933.31,10714.59,2024.26,847.0000,65535.0000,2408.0000,1561.0000,0.0000,0.0000,0.0000,1.0000,1.0000E+00,1.0000E+00,
1028,933.45,10712.97,2025.88,865.0000,65535.0000,2409.5000,1544.5000,0.0000,0.0000,0.0000,1.0000,1.0000E+00,1.0000E+00,
1029,933.59,10711.35,2027.50,917.5000,65535.0000,2427.5000,1510.0000,0.0000,0.0000,0.0000,1.0000,1.0000E+00,1.0000E+00,
1030,933.73,10709.74,2029.12,835.5000,65535.0000,2346.5000,1511.0000,0.0000,0.0000,0.0000,1.0000,1.0000E+00,1.0000E+00,
1031,933.87,10708.12,2030.73,920.5000,65535.0000,2429.5000,1509.0000,0.0000,0.0000,0.0000,1.0000,1.0000E+00,1.0000E+00,
1032,934.01,10706.50,2032.35,836.0000,65535.0000,2328.5000,1492.5000,0.0000,0.0000,0.0000,1.0000,1.0000E+00,1.0000E+00,
1033,934.15,10704.89,2033.97,821.0000,65535.0000,2377.5000,1556.5000,0.0000,0.0000,0.0000,1.0000,1.0000E+00,1.0000E+00,
1034,934.29,10703.27,2035.58,789.5000,65535.0000,2328.5000,1539.0000,0.0000,0.0000,0.0000,1.0000,1.0000E+00,1.0000E+00,
1035,934.43,10701.66,2037.20,849.5000,65535.0000,2366.5000,1517.0000,0.0000,0.0000,0.0000,1.0000,1.0000E+00,1.0000E+00,
1036,934.58,10700.04,2038.81,911.5000,65535.0000,2425.0000,1513.5000,0.0000,0.0000,0.0000,1.0000,1.0000E+00,1.0000E+00,
1037,934.72,10698.43,2040.43,941.0000,65535.0000,2454.0000,1513.0000,0.0000,0.0000,0.0000,1.0000,1.0000E+00,1.0000E+00,
1038,934.86,10696.81,2042.04,915.5000,65535.0000,2354.0000,1438.5000,0.0000,0.0000,0.0000,1.0000,1.0000E+00,1.0000E+00,
1039,935.00,10695.20,2043.65,902.0000,65535.0000,2350.5000,1448.5000,0.0000,0.0000,0.0000,1.0000,1.0000E+00,1.0000E+00,
1040,935.14,10693.59,2045.26,827.5000,65535.0000,2284.5000,1457.0000,0.0000,0.0000,0.0000,1.0000,1.0000E+00,1.0000E+00,
1041,935.28,10691.98,2046.87,1342.0000,65535.0000,2820.0000,1478.0000,0.0000,0.0000,0.0000,1.0000,1.0000E+00,1.0000E+00,
1042,935.42,10690.37,2048.48,904.5000,65535.0000,2370.0000,1465.5000,0.0000,0.0000,0.0000,1.0000,1.0000E+00,1.0000E+00,
1043,935.56,10688.76,2050.09,828.0000,65535.0000,2298.5000,1470.5000,0.0000,0.0000,0.0000,1.0000,1.0000E+00,1.0000E+00,
1044,935.70,10687.15,2051.70,872.0000,65535.0000,2372.5000,1500.5000,0.0000,0.0000,0.0000,1.0000,1.0000E+00,1.0000E+00,
1045,935.84,10685.54,2053.31,876.5000,65535.0000,2328.0000,1451.5000,0.0000,0.0000,0.0000,1.0000,1.0000E+00,1.0000E+00,
1046,935.98,10683.93,2054.92,913.5000,65535.0000,2419.5000,1506.0000,0.0000,0.0000,0.0000,1.0000,1.0000E+00,1.0000E+00,
1047,936.13,10682.33,2056.53,890.5000,65535.0000,2400.0000,1509.5000,0.0000,0.0000,0.0000,1.0000,1.0000E+00,1.0000E+00,
1048,936.27,10680.72,2058.13,858.5000,65535.0000,2338.0000,1479.5000,0.0000,0.0000,0.0000,1.0000,1.0000E+00,1.0000E+00,
1049,936.41,10679.11,2059.74,859.5000,65535.0000,2328.0000,1468.5000,0.0000,0.0000,0.0000,1.0000,1.0000E+00,1.0000E+00,
1050,936.55,10677.51,2061.35,900.5000,65535.0000,2391.5000,1491.0000,0.0000,0.0000,0.0000,1.0000,1.0000E+00,1.0000E+00,
1051,936.69,10675.90,2062.95,871.5000,65535.0000,2330.0000,1458.5000,0.0000,0.0000,0.0000,1.0000,1.0000E+00,1.0000E+00,
1052,936.83,10674.30,2064.55,810.0000,65535.0000,2302.5000,1492.5000,0.0000,0.0000,0.0000,1.0000,1.0000E+00,1.0000E+00,
1053,936.97,10672.70,2066.16,848.5000,65535.0000,2316.0000,1467.5000,0.0000,0.0000,0.0000,1.0000,1.0000E+00,1.0000E+00,
1054,937.11,10671.09,2067.76,856.0000,65535.0000,2316.0000,1460.0000,0.0000,0.0000,0.0000,1.0000,1.0000E+00,1.0000E+00,
1055,937.25,10669.49,2069.36,887.0000,65535.0000,2341.5000,1454.5000,0.0000,0.0000,0.0000,1.0000,1.0000E+00,1.0000E+00,
1056,937.39,10667.89,2070.96,920.5000,65535.0000,2370.5000,1450.0000,0.0000,0.0000,0.0000,1.0000,1.0000E+00,1.0000E+00,
1057,937.53,10666.29,2072.57,917.0000,65535.0000,2357.5000,1440.5000,0.0000,0.0000,0.0000,1.0000,1.0000E+00,1.0000E+00,
1058,937.67,10664.69,2074.17,844.0000,65535.0000,2296.0000,1452.0000,0.0000,0.0000,0.0000,1.0000,1.0000E+00,1.0000E+00,
1059,937.81,10663.09,2075.77,845.0000,65535.0000,2253.5000,1408.5000,0.0000,0.0000,0.0000,1.0000,1.0000E+00,1.0000E+00,
1060,937.96,10661.49,2077.37,817.5000,65535.0000,2262.5000,1445.0000,0.0000,0.0000,0.0000,1.0000,1.0000E+00,1.0000E+00,
1061,938.10,10659.89,2078.96,886.5000,65535.0000,2296.5000,1410.0000,0.0000,0.0000,0.0000,1.0000,1.0000E+00,1.0000E+00,
1062,938.24,10658.29,2080.56,880.0000,65535.0000,2332.0000,1452.0000,0.0000,0.0000,0.0000,1.0000,1.0000E+00,1.0000E+00,
1063,938.38,10656.69,2082.16,900.5000,65535.0000,2294.5000,1394.0000,0.0000,0.0000,0.0000,1.0000,1.0000E+00,1.0000E+00,
1064,938.52,10655.10,2083.76,849.5000,65535.0000,2294.0000,1444.5000,0.0000,0.0000,0.0000,1.0000,1.0000E+00,1.0000E+00,
1065,938.66,10653.50,2085.35,903.5000,65535.0000,2269.0000,1365.5000,0.0000,0.0000,0.0000,1.0000,1.0000E+00,1.0000E+00,
1066,938.80,10651.91,2086.95,895.5000,65535.0000,2283.0000,1387.5000,0.0000,0.0000,0.0000,1.0000,1.0000E+00,1.0000E+00,
1067,938.94,10650.31,2088.54,936.5000,65535.0000,2331.0000,1394.5000,0.0000,0.0000,0.0000,1.0000,1.0000E+00,1.0000E+00,
1068,939.08,10648.72,2090.14,952.0000,65535.0000,2334.5000,1382.5000,0.0000,0.0000,0.0000,1.0000,1.0000E+00,1.0000E+00,
1069,939.22,10647.12,2091.73,932.5000,65535.0000,2347.5000,1415.0000,0.0000,0.0000,0.0000,1.0000,1.0000E+00,1.0000E+00,
1070,939.36,10645.53,2093.32,897.0000,65535.0000,2327.5000,1430.5000,0.0000,0.0000,0.0000,1.0000,1.0000E+00,1.0000E+00,
1071,939.50,10643.94,2094.91,940.5000,65535.0000,2305.0000,1364.5000,0.0000,0.0000,0.0000,1.0000,1.0000E+00,1.0000E+00,
1072,939.64,10642.35,2096.51,922.5000,65535.0000,2332.0000,1409.5000,0.0000,0.0000,0.0000,1.0000,1.0000E+00,1.0000E+00,
1073,939.78,10640.76,2098.10,989.0000,65535.0000,2397.0000,1408.0000,0.0000,0.0000,0.0000,1.0000,1.0000E+00,1.0000E+00,
1074,939.92,10639.17,2099.69,854.5000,65535.0000,2265.5000,1411.0000,0.0000,0.0000,0.0000,1.0000,1.0000E+00,1.0000E+00,
1075,940.06,10637.58,2101.28,918.5000,65535.0000,2276.5000,1358.0000,0.0000,0.0000,0.0000,1.0000,1.0000E+00,1.0000E+00,
1076,940.20,10635.99,2102.87,885.5000,65535.0000,2271.0000,1385.5000,0.0000,0.0000,0.0000,1.0000,1.0000E+00,1.0000E+00,
1077,940.34,10634.40,2104.45,883.5000,65535.0000,2235.5000,1352.0000,0.0000,0.0000,0.0000,1.0000,1.0000E+00,1.0000E+00,
1078,940.48,10632.81,2106.04,883.0000,65535.0000,2306.5000,1423.5000,0.0000,0.0000,0.0000,1.0000,1.0000E+00,1.0000E+00,
1079,940.63,10631.22,2107.63,910.5000,65535.0000,2307.0000,1396.5000,0.0000,0.0000,0.0000,1.0000,1.0000E+00,1.0000E+00,
1080,940.77,10629.64,2109.22,839.5000,65535.0000,2254.5000,1415.0000,0.0000,0.0000,0.0000,1.0000,1.0000E+00,1.0000E+00,
1081,940.91,10628.05,2110.80,885.0000,65535.0000,2209.5000,1324.5000,0.0000,0.0000,0.0000,1.0000,1.0000E+00,1.0000E+00,
1082,941.05,10626.47,2112.39,893.5000,65535.0000,2294.5000,1401.0000,0.0000,0.0000,0.0000,1.0000,1.0000E+00,1.0000E+00,
1083,941.19,10624.88,2113.97,881.5000,65535.0000,2244.5000,1363.0000,0.0000,0.0000,0.0000,1.0000,1.0000E+00,1.0000E+00,
1084,941.33,10623.30,2115.56,882.5000,65535.0000,2238.0000,1355.5000,0.0000,0.0000,0.0000,1.0000,1.0000E+00,1.0000E+00,
1085,941.47,10621.71,2117.14,883.0000,65535.0000,2248.0000,1365.0000,0.0000,0.0000,0.0000,1.0000,1.0000E+00,1.0000E+00,
1086,941.61,10620.13,2118.72,878.0000,65535.0000,2221.5000,1343.5000,0.0000,0.0000,0.0000,1.0000,1.0000E+00,1.0000E+00,
1087,941.75,10618.55,2120.30,891.5000,65535.0000,2239.5000,1348.0000,0.0000,0.0000,0.0000,1.0000,1.0000E+00,1.0000E+00,
1088,941.89,10616.97,2121.89,924.5000,65535.0000,2262.0000,1337.5000,0.0000,0.0000,0.0000,1.0000,1.0000E+00,1.0000E+00,
1089,942.03,10615.39,2123.47,885.0000,65535.0000,2243.5000,1358.5000,0.0000,0.0000,0.0000,1.0000,1.0000E+00,1.0000E+00,
1090,942.17,10613.81,2125.05,909.5000,65535.0000,2295.0000,1385.5000,0.0000,0.0000,0.0000,1.0000,1.0000E+00,1.0000E+00,
1091,942.31,10612.23,2126.63,843.5000,65535.0000,2239.5000,1396.0000,0.0000,0.0000,0.0000,1.0000,1.0000E+00,1.0000E+00,
1092,942.45,10610.65,2128.21,828.0000,65535.0000,2165.5000,1337.5000,0.0000,0.0000,0.0000,1.0000,1.0000E+00,1.0000E+00,
1093,942.59,10609.07,2129.78,787.0000,65535.0000,2145.0000,1358.0000,0.0000,0.0000,0.0000,1.0000,1.0000E+00,1.0000E+00,
1094,942.73,10607.49,2131.36,845.5000,65535.0000,2261.5000,1416.0000,0.0000,0.0000,0.0000,1.0000,1.0000E+00,1.0000E+00,
1095,942.87,10605.91,2132.94,845.5000,65535.0000,2180.0000,1334.5000,0.0000,0.0000,0.0000,1.0000,1.0000E+00,1.0000E+00,
1096,943.01,10604.34,2134.52,922.5000,65535.0000,2237.5000,1315.0000,0.0000,0.0000,0.0000,1.0000,1.0000E+00,1.0000E+00,
1097,943.15,10602.76,2136.09,902.5000,65535.0000,2248.5000,1346.0000,0.0000,0.0000,0.0000,1.0000,1.0000E+00,1.0000E+00,
1098,943.29,10601.19,2137.67,899.0000,65535.0000,2234.0000,1335.0000,0.0000,0.0000,0.0000,1.0000,1.0000E+00,1.0000E+00,
1099,943.43,10599.61,2139.24,886.5000,65535.0000,2167.5000,1281.0000,0.0000,0.0000,0.0000,1.0000,1.0000E+00,1.0000E+00,
1100,943.57,10598.04,2140.82,864.0000,65535.0000,2187.5000,1323.5000,0.0000,0.0000,0.0000,1.0000,1.0000E+00,1.0000E+00,
1101,943.71,10596.46,2142.39,837.0000,65535.0000,2207.0000,1370.0000,0.0000,0.0000,0.0000,1.0000,1.0000E+00,1.0000E+00,
1102,943.85,10594.89,2143.96,864.0000,65535.0000,2201.0000,1337.0000,0.0000,0.0000,0.0000,1.0000,1.0000E+00,1.0000E+00,
1103,943.99,10593.32,2145.53,819.5000,65535.0000,2159.5000,1340.0000,0.0000,0.0000,0.0000,1.0000,1.0000E+00,1.0000E+00,
1104,944.13,10591.75,2147.11,803.5000,65535.0000,2159.0000,1355.5000,0.0000,0.0000,0.0000,1.0000,1.0000E+00,1.0000E+00,
1105,944.27,10590.18,2148.68,861.5000,65535.0000,2170.5000,1309.0000,0.0000,0.0000,0.0000,1.0000,1.0000E+00,1.0000E+00,
1106,944.41,10588.61,2150.25,902.5000,65535.0000,2242.5000,1340.0000,0.0000,0.0000,0.0000,1.0000,1.0000E+00,1.0000E+00,
1107,944.55,10587.04,2151.82,913.0000,65535.0000,2210.5000,1297.5000,0.0000,0.0000,0.0000,1.0000,1.0000E+00,1.0000E+00,
1108,944.69,10585.47,2153.39,923.5000,65535.0000,2264.5000,1341.0000,0.0000,0.0000,0.0000,1.0000,1.0000E+00,1.0000E+00,
1109,944.83,10583.90,2154.96,864.5000,65535.0000,2193.5000,1329.0000,0.0000,0.0000,0.0000,1.0000,1.0000E+00,1.0000E+00,
1110,944.97,10582.33,2156.52,906.0000,65535.0000,2179.0000,1273.0000,0.0000,0.0000,0.0000,1.0000,1.0000E+00,1.0000E+00,
1111,945.11,10580.76,2158.09,916.5000,65535.0000,2408.0000,1491.5000,0.0000,0.0000,0.0000,1.0000,1.0000E+00,1.0000E+00,
1112,945.25,10579.20,2159.66,880.0000,65535.0000,2170.5000,1290.5000,0.0000,0.0000,0.0000,1.0000,1.0000E+00,1.0000E+00,
1113,945.39,10577.63,2161.22,871.5000,65535.0000,2154.5000,1283.0000,0.0000,0.0000,0.0000,1.0000,1.0000E+00,1.0000E+00,
1114,945.53,10576.06,2162.79,883.0000,65535.0000,2169.5000,1286.5000,0.0000,0.0000,0.0000,1.0000,1.0000E+00,1.0000E+00,
1115,945.67,10574.50,2164.35,871.5000,65535.0000,2134.5000,1263.0000,0.0000,0.0000,0.0000,1.0000,1.0000E+00,1.0000E+00,
1116,945.81,10572.94,2165.92,810.5000,65535.0000,2076.0000,1265.5000,0.0000,0.0000,0.0000,1.0000,1.0000E+00,1.0000E+00,
1117,945.95,10571.37,2167.48,833.0000,65535.0000,2145.5000,1312.5000,0.0000,0.0000,0.0000,1.0000,1.0000E+00,1.0000E+00,
1118,946.09,10569.81,2169.05,871.0000,65535.0000,2161.0000,1290.0000,0.0000,0.0000,0.0000,1.0000,1.0000E+00,1.0000E+00,
1119,946.23,10568.25,2170.61,883.5000,65535.0000,2166.5000,1283.0000,0.0000,0.0000,0.0000,1.0000,1.0000E+00,1.0000E+00,
1120,946.37,10566.68,2172.17,908.5000,65535.0000,2117.5000,1209.0000,0.0000,0.0000,0.0000,1.0000,1.0000E+00,1.0000E+00,
1121,946.51,10565.12,2173.73,871.0000,65535.0000,2133.5000,1262.5000,0.0000,0.0000,0.0000,1.0000,1.0000E+00,1.0000E+00,
1122,946.65,10563.56,2175.29,878.0000,65535.0000,2084.0000,1206.0000,0.0000,0.0000,0.0000,1.0000,1.0000E+00,1.0000E+00,
1123,946.79,10562.00,2176.85,857.0000,65535.0000,2141.5000,1284.5000,0.0000,0.0000,0.0000,1.0000,1.0000E+00,1.0000E+00,
1124,946.93,10560.44,2178.41,874.0000,65535.0000,2132.5000,1258.5000,0.0000,0.0000,0.0000,1.0000,1.0000E+00,1.0000E+00,
1125,947.07,10558.88,2179.97,905.0000,65535.0000,2192.0000,1287.0000,0.0000,0.0000,0.0000,1.0000,1.0000E+00,1.0000E+00,
1126,947.21,10557.33,2181.53,873.5000,65535.0000,2107.0000,1233.5000,0.0000,0.0000,0.0000,1.0000,1.0000E+00,1.0000E+00,
1127,947.35,10555.77,2183.09,865.0000,65535.0000,2147.0000,1282.0000,0.0000,0.0000,0.0000,1.0000,1.0000E+00,1.0000E+00,
1128,947.49,10554.21,2184.64,877.0000,65535.0000,2091.0000,1214.0000,0.0000,0.0000,0.0000,1.0000,1.0000E+00,1.0000E+00,
1129,947.63,10552.65,2186.20,899.0000,65535.0000,2165.0000,1266.0000,0.0000,0.0000,0.0000,1.0000,1.0000E+00,1.0000E+00,
1130,947.77,10551.10,2187.75,836.5000,65535.0000,2078.0000,1241.5000,0.0000,0.0000,0.0000,1.0000,1.0000E+00,1.0000E+00,
1131,947.91,10549.54,2189.31,811.5000,65535.0000,2077.5000,1266.0000,0.0000,0.0000,0.0000,1.0000,1.0000E+00,1.0000E+00,
1132,948.05,10547.99,2190.86,824.0000,65535.0000,2075.5000,1251.5000,0.0000,0.0000,0.0000,1.0000,1.0000E+00,1.0000E+00,
1133,948.19,10546.44,2192.42,865.0000,65535.0000,2085.0000,1220.0000,0.0000,0.0000,0.0000,1.0000,1.0000E+00,1.0000E+00,
1134,948.33,10544.88,2193.97,897.0000,65535.0000,2107.5000,1210.5000,0.0000,0.0000,0.0000,1.0000,1.0000E+00,1.0000E+00,
1135,948.47,10543.33,2195.52,919.5000,65535.0000,2151.5000,1232.0000,0.0000,0.0000,0.0000,1.0000,1.0000E+00,1.0000E+00,
1136,948.61,10541.78,2197.08,894.5000,65535.0000,2119.0000,1224.5000,0.0000,0.0000,0.0000,1.0000,1.0000E+00,1.0000E+00,
1137,948.75,10540.23,2198.63,904.0000,65535.0000,2111.5000,1207.5000,0.0000,0.0000,0.0000,1.0000,1.0000E+00,1.0000E+00,
1138,948.89,10538.68,2200.18,918.5000,65535.0000,2118.5000,1200.0000,0.0000,0.0000,0.0000,1.0000,1.0000E+00,1.0000E+00,
1139,949.03,10537.12,2201.73,880.5000,65535.0000,2098.5000,1218.0000,0.0000,0.0000,0.0000,1.0000,1.0000E+00,1.0000E+00,
1140,949.17,10535.58,2203.28,811.0000,65535.0000,2029.0000,1218.0000,0.0000,0.0000,0.0000,1.0000,1.0000E+00,1.0000E+00,
1141,949.30,10534.03,2204.83,816.5000,65535.0000,2042.0000,1225.5000,0.0000,0.0000,0.0000,1.0000,1.0000E+00,1.0000E+00,
1142,949.44,10532.48,2206.38,858.0000,65535.0000,2045.0000,1187.0000,0.0000,0.0000,0.0000,1.0000,1.0000E+00,1.0000E+00,
1143,949.58,10530.93,2207.92,810.0000,65535.0000,2022.5000,1212.5000,0.0000,0.0000,0.0000,1.0000,1.0000E+00,1.0000E+00,
1144,949.72,10529.38,2209.47,807.5000,65535.0000,1984.0000,1176.5000,0.0000,0.0000,0.0000,1.0000,1.0000E+00,1.0000E+00,
1145,949.86,10527.84,2211.02,884.0000,65535.0000,2006.0000,1122.0000,0.0000,0.0000,0.0000,1.0000,1.0000E+00,1.0000E+00,
1146,950.00,10526.29,2212.56,821.5000,65535.0000,2012.0000,1190.5000,0.0000,0.0000,0.0000,1.0000,1.0000E+00,1.0000E+00,
1147,950.14,10524.74,2214.11,1194.0000,65535.0000,2383.0000,1189.0000,0.0000,0.0000,0.0000,1.0000,1.0000E+00,1.0000E+00,
1148,950.28,10523.20,2215.65,897.5000,65535.0000,2090.5000,1193.0000,0.0000,0.0000,0.0000,1.0000,1.0000E+00,1.0000E+00,
1149,950.42,10521.66,2217.20,889.5000,65535.0000,2121.0000,1231.5000,0.0000,0.0000,0.0000,1.0000,1.0000E+00,1.0000E+00,
1150,950.56,10520.11,2218.74,900.0000,65535.0000,2103.5000,1203.5000,0.0000,0.0000,0.0000,1.0000,1.0000E+00,1.0000E+00,
1151,950.70,10518.57,2220.28,903.0000,65535.0000,2110.5000,1207.5000,0.0000,0.0000,0.0000,1.0000,1.0000E+00,1.0000E+00,
1152,950.84,10517.03,2221.83,915.0000,65535.0000,2051.5000,1136.5000,0.0000,0.0000,0.0000,1.0000,1.0000E+00,1.0000E+00,
1153,950.98,10515.48,2223.37,950.0000,65535.0000,2101.0000,1151.0000,0.0000,0.0000,0.0000,1.0000,1.0000E+00,1.0000E+00,
1154,951.12,10513.94,2224.91,892.0000,65535.0000,2109.0000,1217.0000,0.0000,0.0000,0.0000,1.0000,1.0000E+00,1.0000E+00,
1155,951.26,10512.40,2226.45,857.5000,65535.0000,2042.0000,1184.5000,0.0000,0.0000,0.0000,1.0000,1.0000E+00,1.0000E+00,
1156,951.40,10510.86,2227.99,886.0000,65535.0000,2033.5000,1147.5000,0.0000,0.0000,0.0000,1.0000,1.0000E+00,1.0000E+00,
1157,951.54,10509.32,2229.53,826.0000,65535.0000,2011.5000,1185.5000,0.0000,0.0000,0.0000,1.0000,1.0000E+00,1.0000E+00,
1158,951.68,10507.78,2231.07,837.5000,65535.0000,2057.0000,1219.5000,0.0000,0.0000,0.0000,1.0000,1.0000E+00,1.0000E+00,
1159,951.81,10506.25,2232.61,833.0000,65535.0000,2044.0000,1211.0000,0.0000,0.0000,0.0000,1.0000,1.0000E+00,1.0000E+00,
1160,951.95,10504.71,2234.15,826.5000,65535.0000,2045.5000,1219.0000,0.0000,0.0000,0.0000,1.0000,1.0000E+00,1.0000E+00,
1161,952.09,10503.17,2235.68,812.5000,65535.0000,2009.0000,1196.5000,0.0000,0.0000,0.0000,1.0000,1.0000E+00,1.0000E+00,
1162,952.23,10501.64,2237.22,925.0000,65535.0000,2093.5000,1168.5000,0.0000,0.0000,0.0000,1.0000,1.0000E+00,1.0000E+00,
1163,952.37,10500.10,2238.75,915.5000,65535.0000,2062.5000,1147.0000,0.0000,0.0000,0.0000,1.0000,1.0000E+00,1.0000E+00,
1164,952.51,10498.56,2240.29,891.5000,65535.0000,2084.0000,1192.5000,0.0000,0.0000,0.0000,1.0000,1.0000E+00,1.0000E+00,
1165,952.65,10497.03,2241.82,819.5000,65535.0000,1994.5000,1175.0000,0.0000,0.0000,0.0000,1.0000,1.0000E+00,1.0000E+00,
1166,952.79,10495.50,2243.36,870.5000,65535.0000,2010.5000,1140.0000,0.0000,0.0000,0.0000,1.0000,1.0000E+00,1.0000E+00,
1167,952.93,10493.96,2244.89,903.0000,65535.0000,2031.5000,1128.5000,0.0000,0.0000,0.0000,1.0000,1.0000E+00,1.0000E+00,
1168,953.07,10492.43,2246.42,907.5000,65535.0000,2027.0000,1119.5000,0.0000,0.0000,0.0000,1.0000,1.0000E+00,1.0000E+00,
1169,953.21,10490.90,2247.96,893.0000,65535.0000,2040.5000,1147.5000,0.0000,0.0000,0.0000,1.0000,1.0000E+00,1.0000E+00,
1170,953.35,10489.37,2249.49,847.0000,65535.0000,2030.0000,1183.0000,0.0000,0.0000,0.0000,1.0000,1.0000E+00,1.0000E+00,
1171,953.49,10487.83,2251.02,867.5000,65535.0000,2036.0000,1168.5000,0.0000,0.0000,0.0000,1.0000,1.0000E+00,1.0000E+00,
1172,953.62,10486.30,2252.55,912.5000,65535.0000,2057.0000,1144.5000,0.0000,0.0000,0.0000,1.0000,1.0000E+00,1.0000E+00,
1173,953.76,10484.77,2254.08,882.5000,65535.0000,2008.5000,1126.0000,0.0000,0.0000,0.0000,1.0000,1.0000E+00,1.0000E+00,
1174,953.90,10483.24,2255.61,873.0000,65535.0000,2002.0000,1129.0000,0.0000,0.0000,0.0000,1.0000,1.0000E+00,1.0000E+00,
1175,954.04,10481.72,2257.14,854.5000,65535.0000,2000.0000,1145.5000,0.0000,0.0000,0.0000,1.0000,1.0000E+00,1.0000E+00,
1176,954.18,10480.19,2258.67,850.5000,65535.0000,2032.0000,1181.5000,0.0000,0.0000,0.0000,1.0000,1.0000E+00,1.0000E+00,
1177,954.32,10478.66,2260.19,846.0000,65535.0000,2038.0000,1192.0000,0.0000,0.0000,0.0000,1.0000,1.0000E+00,1.0000E+00,
1178,954.46,10477.13,2261.72,866.0000,65535.0000,1958.0000,1092.0000,0.0000,0.0000,0.0000,1.0000,1.0000E+00,1.0000E+00,
1179,954.60,10475.61,2263.25,881.0000,65535.0000,2016.0000,1135.0000,0.0000,0.0000,0.0000,1.0000,1.0000E+00,1.0000E+00,
1180,954.74,10474.08,2264.77,851.5000,65535.0000,2023.5000,1172.0000,0.0000,0.0000,0.0000,1.0000,1.0000E+00,1.0000E+00,
1181,954.88,10472.56,2266.30,897.0000,65535.0000,2034.0000,1137.0000,0.0000,0.0000,0.0000,1.0000,1.0000E+00,1.0000E+00,
1182,955.02,10471.03,2267.82,868.5000,65535.0000,1962.5000,1094.0000,0.0000,0.0000,0.0000,1.0000,1.0000E+00,1.0000E+00,
1183,955.15,10469.51,2269.35,844.5000,65535.0000,1985.0000,1140.5000,0.0000,0.0000,0.0000,1.0000,1.0000E+00,1.0000E+00,
1184,955.29,10467.99,2270.87,861.0000,65535.0000,1970.0000,1109.0000,0.0000,0.0000,0.0000,1.0000,1.0000E+00,1.0000E+00,
1185,955.43,10466.46,2272.39,862.0000,65535.0000,1971.0000,1109.0000,0.0000,0.0000,0.0000,1.0000,1.0000E+00,1.0000E+00,
1186,955.57,10464.94,2273.91,835.0000,65535.0000,1984.0000,1149.0000,0.0000,0.0000,0.0000,1.0000,1.0000E+00,1.0000E+00,
1187,955.71,10463.42,2275.43,907.0000,65535.0000,2026.0000,1119.0000,0.0000,0.0000,0.0000,1.0000,1.0000E+00,1.0000E+00,
1188,955.85,10461.90,2276.96,906.5000,65535.0000,2017.0000,1110.5000,0.0000,0.0000,0.0000,1.0000,1.0000E+00,1.0000E+00,
1189,955.99,10460.38,2278.48,914.0000,65535.0000,1994.5000,1080.5000,0.0000,0.0000,0.0000,1.0000,1.0000E+00,1.0000E+00,
1190,956.13,10458.86,2280.00,867.5000,65535.0000,1954.5000,1087.0000,0.0000,0.0000,0.0000,1.0000,1.0000E+00,1.0000E+00,
1191,956.27,10457.34,2281.51,882.5000,65535.0000,1965.5000,1083.0000,0.0000,0.0000,0.0000,1.0000,1.0000E+00,1.0000E+00,
1192,956.41,10455.82,2283.03,864.0000,65535.0000,1971.5000,1107.5000,0.0000,0.0000,0.0000,1.0000,1.0000E+00,1.0000E+00,
1193,956.54,10454.30,2284.55,854.5000,65535.0000,1948.5000,1094.0000,0.0000,0.0000,0.0000,1.0000,1.0000E+00,1.0000E+00,
1194,956.68,10452.78,2286.07,943.0000,65535.0000,1980.0000,1037.0000,0.0000,0.0000,0.0000,1.0000,1.0000E+00,1.0000E+00,
1195,956.82,10451.27,2287.59,852.5000,65535.0000,1953.0000,1100.5000,0.0000,0.0000,0.0000,1.0000,1.0000E+00,1.0000E+00,
1196,956.96,10449.75,2289.10,844.0000,65535.0000,1912.5000,1068.5000,0.0000,0.0000,0.0000,1.0000,1.0000E+00,1.0000E+00,
1197,957.10,10448.24,2290.62,889.5000,65535.0000,2004.0000,1114.5000,0.0000,0.0000,0.0000,1.0000,1.0000E+00,1.0000E+00,
1198,957.24,10446.72,2292.13,917.0000,65535.0000,1965.0000,1048.0000,0.0000,0.0000,0.0000,1.0000,1.0000E+00,1.0000E+00,
1199,957.38,10445.21,2293.65,920.5000,65535.0000,1987.5000,1067.0000,0.0000,0.0000,0.0000,1.0000,1.0000E+00,1.0000E+00,
1200,957.52,10443.69,2295.16,911.0000,65535.0000,1969.0000,1058.0000,0.0000,0.0000,0.0000,1.0000,1.0000E+00,1.0000E+00,
1201,957.65,10442.18,2296.67,881.0000,65535.0000,1955.5000,1074.5000,0.0000,0.0000,0.0000,1.0000,1.0000E+00,1.0000E+00,
1202,957.79,10440.67,2298.19,827.0000,65535.0000,1883.5000,1056.5000,0.0000,0.0000,0.0000,1.0000,1.0000E+00,1.0000E+00,
1203,957.93,10439.16,2299.70,822.0000,65535.0000,1894.0000,1072.0000,0.0000,0.0000,0.0000,1.0000,1.0000E+00,1.0000E+00,
1204,958.07,10437.64,2301.21,882.0000,65535.0000,1936.5000,1054.5000,0.0000,0.0000,0.0000,1.0000,1.0000E+00,1.0000E+00,
1205,958.21,10436.13,2302.72,872.5000,65535.0000,1929.0000,1056.5000,0.0000,0.0000,0.0000,1.0000,1.0000E+00,1.0000E+00,
1206,958.35,10434.62,2304.23,927.0000,65535.0000,1955.5000,1028.5000,0.0000,0.0000,0.0000,1.0000,1.0000E+00,1.0000E+00,
1207,958.49,10433.11,2305.74,842.0000,65535.0000,1888.5000,1046.5000,0.0000,0.0000,0.0000,1.0000,1.0000E+00,1.0000E+00,
1208,958.63,10431.60,2307.25,892.0000,65535.0000,1934.0000,1042.0000,0.0000,0.0000,0.0000,1.0000,1.0000E+00,1.0000E+00,
1209,958.76,10430.10,2308.76,837.0000,65535.0000,1902.0000,1065.0000,0.0000,0.0000,0.0000,1.0000,1.0000E+00,1.0000E+00,
1210,958.90,10428.59,2310.27,864.0000,65535.0000,1904.5000,1040.5000,0.0000,0.0000,0.0000,1.0000,1.0000E+00,1.0000E+00,
1211,959.04,10427.08,2311.77,851.0000,65535.0000,1920.0000,1069.0000,0.0000,0.0000,0.0000,1.0000,1.0000E+00,1.0000E+00,
1212,959.18,10425.57,2313.28,880.0000,65535.0000,1891.5000,1011.5000,0.0000,0.0000,0.0000,1.0000,1.0000E+00,1.0000E+00,
1213,959.32,10424.07,2314.79,864.0000,65535.0000,1870.0000,1006.0000,0.0000,0.0000,0.0000,1.0000,1.0000E+00,1.0000E+00,
1214,959.46,10422.56,2316.29,885.5000,65535.0000,1880.5000,995.0000,0.0000,0.0000,0.0000,1.0000,1.0000E+00,1.0000E+00,
1215,959.60,10421.06,2317.80,839.0000,65535.0000,1857.0000,1018.0000,0.0000,0.0000,0.0000,1.0000,1.0000E+00,1.0000E+00,
1216,959.73,10419.55,2319.30,867.5000,65535.0000,1867.0000,999.5000,0.0000,0.0000,0.0000,1.0000,1.0000E+00,1.0000E+00,
1217,959.87,10418.05,2320.81,903.0000,65535.0000,1908.0000,1005.0000,0.0000,0.0000,0.0000,1.0000,1.0000E+00,1.0000E+00,
1218,960.01,10416.54,2322.31,903.5000,65535.0000,1928.5000,1025.0000,0.0000,0.0000,0.0000,1.0000,1.0000E+00,1.0000E+00,
1219,960.15,10415.04,2323.81,884.0000,65535.0000,1920.5000,1036.5000,0.0000,0.0000,0.0000,1.0000,1.0000E+00,1.0000E+00,
1220,960.29,10413.54,2325.31,867.5000,65535.0000,1907.0000,1039.5000,0.0000,0.0000,0.0000,1.0000,1.0000E+00,1.0000E+00,
1221,960.43,10412.04,2326.82,835.0000,65535.0000,1878.0000,1043.0000,0.0000,0.0000,0.0000,1.0000,1.0000E+00,1.0000E+00,
1222,960.57,10410.54,2328.32,861.5000,65535.0000,1880.5000,1019.0000,0.0000,0.0000,0.0000,1.0000,1.0000E+00,1.0000E+00,
1223,960.70,10409.04,2329.82,862.5000,65535.0000,1871.0000,1008.5000,0.0000,0.0000,0.0000,1.0000,1.0000E+00,1.0000E+00,
1224,960.84,10407.54,2331.32,906.0000,65535.0000,1892.0000,986.0000,0.0000,0.0000,0.0000,1.0000,1.0000E+00,1.0000E+00,
1225,960.98,10406.04,2332.82,870.0000,65535.0000,1877.0000,1007.0000,0.0000,0.0000,0.0000,1.0000,1.0000E+00,1.0000E+00,
1226,961.12,10404.54,2334.31,911.0000,65535.0000,1896.0000,985.0000,0.0000,0.0000,0.0000,1.0000,1.0000E+00,1.0000E+00,
1227,961.26,10403.04,2335.81,876.5000,65535.0000,1876.0000,999.5000,0.0000,0.0000,0.0000,1.0000,1.0000E+00,1.0000E+00,
1228,961.40,10401.54,2337.31,869.0000,65535.0000,1895.0000,1026.0000,0.0000,0.0000,0.0000,1.0000,1.0000E+00,1.0000E+00,
1229,961.53,10400.05,2338.81,852.0000,65535.0000,1873.5000,1021.5000,0.0000,0.0000,0.0000,1.0000,1.0000E+00,1.0000E+00,
1230,961.67,10398.55,2340.30,893.0000,65535.0000,1867.0000,974.0000,0.0000,0.0000,0.0000,1.0000,1.0000E+00,1.0000E+00,
1231,961.81,10397.06,2341.80,874.0000,65535.0000,1874.0000,1000.0000,0.0000,0.0000,0.0000,1.0000,1.0000E+00,1.0000E+00,
1232,961.95,10395.56,2343.29,863.0000,65535.0000,1880.0000,1017.0000,0.0000,0.0000,0.0000,1.0000,1.0000E+00,1.0000E+00,
1233,962.09,10394.07,2344.79,832.5000,65535.0000,1861.0000,1028.5000,0.0000,0.0000,0.0000,1.0000,1.0000E+00,1.0000E+00,
1234,962.23,10392.57,2346.28,848.0000,65535.0000,1903.5000,1055.5000,0.0000,0.0000,0.0000,1.0000,1.0000E+00,1.0000E+00,
1235,962.36,10391.08,2347.78,866.5000,65535.0000,1891.5000,1025.0000,0.0000,0.0000,0.0000,1.0000,1.0000E+00,1.0000E+00,
1236,962.50,10389.59,2349.27,878.5000,65535.0000,1904.0000,1025.5000,0.0000,0.0000,0.0000,1.0000,1.0000E+00,1.0000E+00,
1237,962.64,10388.09,2350.76,872.5000,65535.0000,1873.0000,1000.5000,0.0000,0.0000,0.0000,1.0000,1.0000E+00,1.0000E+00,
1238,962.78,10386.60,2352.25,911.5000,65535.0000,1890.5000,979.0000,0.0000,0.0000,0.0000,1.0000,1.0000E+00,1.0000E+00,
1239,962.92,10385.11,2353.74,871.0000,65535.0000,1847.0000,976.0000,0.0000,0.0000,0.0000,1.0000,1.0000E+00,1.0000E+00,
1240,963.06,10383.62,2355.23,883.5000,65535.0000,1879.0000,995.5000,0.0000,0.0000,0.0000,1.0000,1.0000E+00,1.0000E+00,
1241,963.19,10382.13,2356.72,895.5000,65535.0000,1857.5000,962.0000,0.0000,0.0000,0.0000,1.0000,1.0000E+00,1.0000E+00,
1242,963.33,10380.64,2358.21,895.5000,65535.0000,1837.5000,942.0000,0.0000,0.0000,0.0000,1.0000,1.0000E+00,1.0000E+00,
1243,963.47,10379.15,2359.70,845.0000,65535.0000,1820.5000,975.5000,0.0000,0.0000,0.0000,1.0000,1.0000E+00,1.0000E+00,
1244,963.61,10377.66,2361.19,820.0000,65535.0000,1822.5000,1002.5000,0.0000,0.0000,0.0000,1.0000,1.0000E+00,1.0000E+00,
1245,963.75,10376.18,2362.68,868.0000,65535.0000,1798.5000,930.5000,0.0000,0.0000,0.0000,1.0000,1.0000E+00,1.0000E+00,
1246,963.88,10374.69,2364.16,873.5000,65535.0000,1840.0000,966.5000,0.0000,0.0000,0.0000,1.0000,1.0000E+00,1.0000E+00,
1247,964.02,10373.20,2365.65,880.0000,65535.0000,1808.0000,928.0000,0.0000,0.0000,0.0000,1.0000,1.0000E+00,1.0000E+00,
1248,964.16,10371.72,2367.14,870.5000,65535.0000,1822.5000,952.0000,0.0000,0.0000,0.0000,1.0000,1.0000E+00,1.0000E+00,
1249,964.30,10370.23,2368.62,852.0000,65535.0000,1801.0000,949.0000,0.0000,0.0000,0.0000,1.0000,1.0000E+00,1.0000E+00,
1250,964.44,10368.75,2370.11,831.5000,65535.0000,1794.5000,963.0000,0.0000,0.0000,0.0000,1.0000,1.0000E+00,1.0000E+00,
1251,964.57,10367.26,2371.59,884.0000,65535.0000,1815.5000,931.5000,0.0000,0.0000,0.0000,1.0000,1.0000E+00,1.0000E+00,
1252,964.71,10365.78,2373.07,846.5000,65535.0000,1831.5000,985.0000,0.0000,0.0000,0.0000,1.0000,1.0000E+00,1.0000E+00,
1253,964.85,10364.30,2374.56,863.0000,65535.0000,1809.5000,946.5000,0.0000,0.0000,0.0000,1.0000,1.0000E+00,1.0000E+00,
1254,964.99,10362.81,2376.04,870.5000,65535.0000,1808.0000,937.5000,0.0000,0.0000,0.0000,1.0000,1.0000E+00,1.0000E+00,
1255,965.13,10361.33,2377.52,856.5000,65535.0000,1810.5000,954.0000,0.0000,0.0000,0.0000,1.0000,1.0000E+00,1.0000E+00,
1256,965.26,10359.85,2379.00,861.5000,65535.0000,1812.5000,951.0000,0.0000,0.0000,0.0000,1.0000,1.0000E+00,1.0000E+00,
1257,965.40,10358.37,2380.48,909.5000,65535.0000,1833.0000,923.5000,0.0000,0.0000,0.0000,1.0000,1.0000E+00,1.0000E+00,
1258,965.54,10356.89,2381.96,869.0000,65535.0000,1801.5000,932.5000,0.0000,0.0000,0.0000,1.0000,1.0000E+00,1.0000E+00,
1259,965.68,10355.41,2383.44,860.5000,65535.0000,1792.5000,932.0000,0.0000,0.0000,0.0000,1.0000,1.0000E+00,1.0000E+00,
1260,965.82,10353.93,2384.92,844.5000,65535.0000,1769.5000,925.0000,0.0000,0.0000,0.0000,1.0000,1.0000E+00,1.0000E+00,
1261,965.95,10352.45,2386.40,879.0000,65535.0000,1760.5000,881.5000,0.0000,0.0000,0.0000,1.0000,1.0000E+00,1.0000E+00,
1262,966.09,10350.98,2387.88,874.5000,65535.0000,1776.5000,902.0000,0.0000,0.0000,0.0000,1.0000,1.0000E+00,1.0000E+00,
1263,966.23,10349.50,2389.36,1129.5000,65535.0000,2047.0000,917.5000,0.0000,0.0000,0.0000,1.0000,1.0000E+00,1.0000E+00,
1264,966.37,10348.02,2390.83,851.5000,65535.0000,1766.0000,914.5000,0.0000,0.0000,0.0000,1.0000,1.0000E+00,1.0000E+00,
1265,966.51,10346.55,2392.31,953.5000,65535.0000,1824.0000,870.5000,0.0000,0.0000,0.0000,1.0000,1.0000E+00,1.0000E+00,
1266,966.64,10345.07,2393.78,880.5000,65535.0000,1767.5000,887.0000,0.0000,0.0000,0.0000,1.0000,1.0000E+00,1.0000E+00,
1267,966.78,10343.59,2395.26,868.5000,65535.0000,1750.0000,881.5000,0.0000,0.0000,0.0000,1.0000,1.0000E+00,1.0000E+00,
1268,966.92,10342.12,2396.73,862.0000,65535.0000,1768.5000,906.5000,0.0000,0.0000,0.0000,1.0000,1.0000E+00,1.0000E+00,
1269,967.06,10340.65,2398.21,876.5000,65535.0000,1768.0000,891.5000,0.0000,0.0000,0.0000,1.0000,1.0000E+00,1.0000E+00,
1270,967.20,10339.17,2399.68,874.0000,65535.0000,1758.0000,884.0000,0.0000,0.0000,0.0000,1.0000,1.0000E+00,1.0000E+00,
1271,967.33,10337.70,2401.15,872.5000,65535.0000,1746.5000,874.0000,0.0000,0.0000,0.0000,1.0000,1.0000E+00,1.0000E+00,
1272,967.47,10336.23,2402.63,880.5000,65535.0000,1755.0000,874.5000,0.0000,0.0000,0.0000,1.0000,1.0000E+00,1.0000E+00,
1273,967.61,10334.76,2404.10,891.0000,65535.0000,1765.0000,874.0000,0.0000,0.0000,0.0000,1.0000,1.0000E+00,1.0000E+00,
1274,967.75,10333.29,2405.57,914.0000,65535.0000,1794.0000,880.0000,0.0000,0.0000,0.0000,1.0000,1.0000E+00,1.0000E+00,
1275,967.88,10331.82,2407.04,846.0000,65535.0000,1711.5000,865.5000,0.0000,0.0000,0.0000,1.0000,1.0000E+00,1.0000E+00,
1276,968.02,10330.35,2408.51,882.0000,65535.0000,1764.0000,882.0000,0.0000,0.0000,0.0000,1.0000,1.0000E+00,1.0000E+00,
1277,968.16,10328.88,2409.98,903.0000,65535.0000,1729.0000,826.0000,0.0000,0.0000,0.0000,1.0000,1.0000E+00,1.0000E+00,
1278,968.30,10327.41,2411.45,875.5000,65535.0000,1749.0000,873.5000,0.0000,0.0000,0.0000,1.0000,1.0000E+00,1.0000E+00,
1279,968.43,10325.94,2412.91,900.5000,65535.0000,1774.5000,874.0000,0.0000,0.0000,0.0000,1.0000,1.0000E+00,1.0000E+00,
1280,968.57,10324.47,2414.38,832.0000,65535.0000,1712.5000,880.5000,0.0000,0.0000,0.0000,1.0000,1.0000E+00,1.0000E+00,
1281,968.71,10323.01,2415.85,880.0000,65535.0000,1735.5000,855.5000,0.0000,0.0000,0.0000,1.0000,1.0000E+00,1.0000E+00,
1282,968.85,10321.54,2417.31,858.5000,65535.0000,1750.5000,892.0000,0.0000,0.0000,0.0000,1.0000,1.0000E+00,1.0000E+00,
1283,968.99,10320.07,2418.78,897.5000,65535.0000,1749.0000,851.5000,0.0000,0.0000,0.0000,1.0000,1.0000E+00,1.0000E+00,
1284,969.12,10318.61,2420.25,890.0000,65535.0000,1729.5000,839.5000,0.0000,0.0000,0.0000,1.0000,1.0000E+00,1.0000E+00,
1285,969.26,10317.14,2421.71,869.5000,65535.0000,1721.5000,852.0000,0.0000,0.0000,0.0000,1.0000,1.0000E+00,1.0000E+00,
1286,969.40,10315.68,2423.18,857.5000,65535.0000,1719.5000,862.0000,0.0000,0.0000,0.0000,1.0000,1.0000E+00,1.0000E+00,
1287,969.54,10314.21,2424.64,903.5000,65535.0000,1721.0000,817.5000,0.0000,0.0000,0.0000,1.0000,1.0000E+00,1.0000E+00,
1288,969.67,10312.75,2426.10,891.5000,65535.0000,1706.5000,815.0000,0.0000,0.0000,0.0000,1.0000,1.0000E+00,1.0000E+00,
1289,969.81,10311.29,2427.56,871.5000,65535.0000,1719.5000,848.0000,0.0000,0.0000,0.0000,1.0000,1.0000E+00,1.0000E+00,
1290,969.95,10309.83,2429.03,865.5000,65535.0000,1711.5000,846.0000,0.0000,0.0000,0.0000,1.0000,1.0000E+00,1.0000E+00,
1291,970.09,10308.37,2430.49,885.0000,65535.0000,1710.0000,825.0000,0.0000,0.0000,0.0000,1.0000,1.0000E+00,1.0000E+00,
1292,970.22,10306.91,2431.95,872.0000,65535.0000,1690.5000,818.5000,0.0000,0.0000,0.0000,1.0000,1.0000E+00,1.0000E+00,
1293,970.36,10305.45,2433.41,867.0000,65535.0000,1745.0000,878.0000,0.0000,0.0000,0.0000,1.0000,1.0000E+00,1.0000E+00,
1294,970.50,10303.99,2434.87,925.0000,65535.0000,1748.5000,823.5000,0.0000,0.0000,0.0000,1.0000,1.0000E+00,1.0000E+00,
1295,970.64,10302.53,2436.33,879.5000,65535.0000,1707.0000,827.5000,0.0000,0.0000,0.0000,1.0000,1.0000E+00,1.0000E+00,
1296,970.77,10301.07,2437.79,953.0000,65535.0000,1794.0000,841.0000,0.0000,0.0000,0.0000,1.0000,1.0000E+00,1.0000E+00,
1297,970.91,10299.61,2439.24,866.0000,65535.0000,1676.5000,810.5000,0.0000,0.0000,0.0000,1.0000,1.0000E+00,1.0000E+00,
1298,971.05,10298.15,2440.70,877.0000,65535.0000,1702.5000,825.5000,0.0000,0.0000,0.0000,1.0000,1.0000E+00,1.0000E+00,
1299,971.19,10296.70,2442.16,925.5000,65535.0000,1743.5000,818.0000,0.0000,0.0000,0.0000,1.0000,1.0000E+00,1.0000E+00,
1300,971.32,10295.24,2443.61,841.0000,65535.0000,1690.5000,849.5000,0.0000,0.0000,0.0000,1.0000,1.0000E+00,1.0000E+00,
1301,971.46,10293.78,2445.07,888.0000,65535.0000,1735.5000,847.5000,0.0000,0.0000,0.0000,1.0000,1.0000E+00,1.0000E+00,
1302,971.60,10292.33,2446.52,854.5000,65535.0000,1704.5000,850.0000,0.0000,0.0000,0.0000,1.0000,1.0000E+00,1.0000E+00,
1303,971.73,10290.87,2447.98,870.5000,65535.0000,1715.0000,844.5000,0.0000,0.0000,0.0000,1.0000,1.0000E+00,1.0000E+00,
1304,971.87,10289.42,2449.43,855.5000,65535.0000,1697.5000,842.0000,0.0000,0.0000,0.0000,1.0000,1.0000E+00,1.0000E+00,
1305,972.01,10287.97,2450.89,891.0000,65535.0000,1684.0000,793.0000,0.0000,0.0000,0.0000,1.0000,1.0000E+00,1.0000E+00,
1306,972.15,10286.51,2452.34,847.5000,65535.0000,1691.5000,844.0000,0.0000,0.0000,0.0000,1.0000,1.0000E+00,1.0000E+00,
1307,972.28,10285.06,2453.79,841.0000,65535.0000,1703.0000,862.0000,0.0000,0.0000,0.0000,1.0000,1.0000E+00,1.0000E+00,
1308,972.42,10283.61,2455.24,845.5000,65535.0000,1692.0000,846.5000,0.0000,0.0000,0.0000,1.0000,1.0000E+00,1.0000E+00,
1309,972.56,10282.16,2456.70,844.5000,65535.0000,1664.5000,820.0000,0.0000,0.0000,0.0000,1.0000,1.0000E+00,1.0000E+00,
1310,972.70,10280.71,2458.15,838.0000,65535.0000,1677.5000,839.5000,0.0000,0.0000,0.0000,1.0000,1.0000E+00,1.0000E+00,
1311,972.83,10279.26,2459.60,870.0000,65535.0000,1660.0000,790.0000,0.0000,0.0000,0.0000,1.0000,1.0000E+00,1.0000E+00,
1312,972.97,10277.81,2461.05,856.5000,65535.0000,1685.0000,828.5000,0.0000,0.0000,0.0000,1.0000,1.0000E+00,1.0000E+00,
1313,973.11,10276.36,2462.49,919.5000,65535.0000,1765.0000,845.5000,0.0000,0.0000,0.0000,1.0000,1.0000E+00,1.0000E+00,
1314,973.24,10274.91,2463.94,824.0000,65535.0000,1670.0000,846.0000,0.0000,0.0000,0.0000,1.0000,1.0000E+00,1.0000E+00,
1315,973.38,10273.46,2465.39,914.0000,65535.0000,1723.5000,809.5000,0.0000,0.0000,0.0000,1.0000,1.0000E+00,1.0000E+00,
1316,973.52,10272.02,2466.84,874.5000,65535.0000,1711.5000,837.0000,0.0000,0.0000,0.0000,1.0000,1.0000E+00,1.0000E+00,
1317,973.66,10270.57,2468.28,869.5000,65535.0000,1676.5000,807.0000,0.0000,0.0000,0.0000,1.0000,1.0000E+00,1.0000E+00,
1318,973.79,10269.12,2469.73,889.0000,65535.0000,1748.0000,859.0000,0.0000,0.0000,0.0000,1.0000,1.0000E+00,1.0000E+00,
1319,973.93,10267.68,2471.18,883.0000,65535.0000,1685.5000,802.5000,0.0000,0.0000,0.0000,1.0000,1.0000E+00,1.0000E+00,
1320,974.07,10266.23,2472.62,852.0000,65535.0000,1646.0000,794.0000,0.0000,0.0000,0.0000,1.0000,1.0000E+00,1.0000E+00,
1321,974.20,10264.79,2474.07,824.5000,65535.0000,1645.0000,820.5000,0.0000,0.0000,0.0000,1.0000,1.0000E+00,1.0000E+00,
1322,974.34,10263.34,2475.51,863.0000,65535.0000,1671.5000,808.5000,0.0000,0.0000,0.0000,1.0000,1.0000E+00,1.0000E+00,
1323,974.48,10261.90,2476.95,840.0000,65535.0000,1694.0000,854.0000,0.0000,0.0000,0.0000,1.0000,1.0000E+00,1.0000E+00,
1324,974.62,10260.46,2478.40,838.0000,65535.0000,1663.5000,825.5000,0.0000,0.0000,0.0000,1.0000,1.0000E+00,1.0000E+00,
1325,974.75,10259.01,2479.84,847.0000,65535.0000,1682.0000,835.0000,0.0000,0.0000,0.0000,1.0000,1.0000E+00,1.0000E+00,
1326,974.89,10257.57,2481.28,843.5000,65535.0000,1661.0000,817.5000,0.0000,0.0000,0.0000,1.0000,1.0000E+00,1.0000E+00,
1327,975.03,10256.13,2482.72,878.5000,65535.0000,1687.5000,809.0000,0.0000,0.0000,0.0000,1.0000,1.0000E+00,1.0000E+00,
1328,975.16,10254.69,2484.16,864.5000,65535.0000,1679.5000,815.0000,0.0000,0.0000,0.0000,1.0000,1.0000E+00,1.0000E+00,
1329,975.30,10253.25,2485.60,819.5000,65535.0000,1623.0000,803.5000,0.0000,0.0000,0.0000,1.0000,1.0000E+00,1.0000E+00,
1330,975.44,10251.81,2487.04,1066.0000,65535.0000,1697.5000,631.5000,0.0000,0.0000,0.0000,1.0000,1.0000E+00,1.0000E+00,
1331,975.57,10250.37,2488.48,843.5000,65535.0000,1665.0000,821.5000,0.0000,0.0000,0.0000,1.0000,1.0000E+00,1.0000E+00,
1332,975.71,10248.93,2489.92,871.5000,65535.0000,1703.0000,831.5000,0.0000,0.0000,0.0000,1.0000,1.0000E+00,1.0000E+00,
1333,975.85,10247.50,2491.36,827.5000,65535.0000,1626.0000,798.5000,0.0000,0.0000,0.0000,1.0000,1.0000E+00,1.0000E+00,
1334,975.98,10246.06,2492.79,826.0000,65535.0000,1629.5000,803.5000,0.0000,0.0000,0.0000,1.0000,1.0000E+00,1.0000E+00,
1335,976.12,10244.62,2494.23,836.5000,65535.0000,1618.5000,782.0000,0.0000,0.0000,0.0000,1.0000,1.0000E+00,1.0000E+00,
1336,976.26,10243.19,2495.67,844.0000,65535.0000,1624.0000,780.0000,0.0000,0.0000,0.0000,1.0000,1.0000E+00,1.0000E+00,
1337,976.40,10241.75,2497.10,845.0000,65535.0000,1648.0000,803.0000,0.0000,0.0000,0.0000,1.0000,1.0000E+00,1.0000E+00,
1338,976.53,10240.32,2498.54,848.5000,65535.0000,1636.0000,787.5000,0.0000,0.0000,0.0000,1.0000,1.0000E+00,1.0000E+00,
1339,976.67,10238.88,2499.97,810.5000,65535.0000,1608.5000,798.0000,0.0000,0.0000,0.0000,1.0000,1.0000E+00,1.0000E+00,
1340,976.81,10237.45,2501.41,861.5000,65535.0000,1663.0000,801.5000,0.0000,0.0000,0.0000,1.0000,1.0000E+00,1.0000E+00,
1341,976.94,10236.01,2502.84,891.5000,65535.0000,1670.5000,779.0000,0.0000,0.0000,0.0000,1.0000,1.0000E+00,1.0000E+00,
1342,977.08,10234.58,2504.27,856.0000,65535.0000,1618.0000,762.0000,0.0000,0.0000,0.0000,1.0000,1.0000E+00,1.0000E+00,
1343,977.22,10233.15,2505.71,803.5000,65535.0000,1627.5000,824.0000,0.0000,0.0000,0.0000,1.0000,1.0000E+00,1.0000E+00,
1344,977.35,10231.72,2507.14,851.5000,65535.0000,1657.0000,805.5000,0.0000,0.0000,0.0000,1.0000,1.0000E+00,1.0000E+00,
1345,977.49,10230.29,2508.57,881.0000,65535.0000,1646.5000,765.5000,0.0000,0.0000,0.0000,1.0000,1.0000E+00,1.0000E+00,
1346,977.63,10228.85,2510.00,864.0000,65535.0000,1661.0000,797.0000,0.0000,0.0000,0.0000,1.0000,1.0000E+00,1.0000E+00,
1347,977.76,10227.42,2511.43,818.5000,65535.0000,1693.0000,874.5000,0.0000,0.0000,0.0000,1.0000,1.0000E+00,1.0000E+00,
1348,977.90,10225.99,2512.86,867.0000,65535.0000,1639.0000,772.0000,0.0000,0.0000,0.0000,1.0000,1.0000E+00,1.0000E+00,
1349,978.04,10224.57,2514.29,869.5000,65535.0000,1634.5000,765.0000,0.0000,0.0000,0.0000,1.0000,1.0000E+00,1.0000E+00,
1350,978.17,10223.14,2515.72,846.5000,65535.0000,1674.5000,828.0000,0.0000,0.0000,0.0000,1.0000,1.0000E+00,1.0000E+00,
1351,978.31,10221.71,2517.14,854.5000,65535.0000,1628.5000,774.0000,0.0000,0.0000,0.0000,1.0000,1.0000E+00,1.0000E+00,
1352,978.45,10220.28,2518.57,898.5000,65535.0000,1660.0000,761.5000,0.0000,0.0000,0.0000,1.0000,1.0000E+00,1.0000E+00,
1353,978.58,10218.86,2520.00,845.0000,65535.0000,1659.0000,814.0000,0.0000,0.0000,0.0000,1.0000,1.0000E+00,1.0000E+00,
1354,978.72,10217.43,2521.42,843.0000,65535.0000,1649.0000,806.0000,0.0000,0.0000,0.0000,1.0000,1.0000E+00,1.0000E+00,
1355,978.86,10216.00,2522.85,858.0000,65535.0000,1612.0000,754.0000,0.0000,0.0000,0.0000,1.0000,1.0000E+00,1.0000E+00,
1356,978.99,10214.58,2524.28,840.5000,65535.0000,1611.0000,770.5000,0.0000,0.0000,0.0000,1.0000,1.0000E+00,1.0000E+00,
1357,979.13,10213.15,2525.70,883.0000,65535.0000,1676.5000,793.5000,0.0000,0.0000,0.0000,1.0000,1.0000E+00,1.0000E+00,
1358,979.27,10211.73,2527.12,856.0000,65535.0000,1638.5000,782.5000,0.0000,0.0000,0.0000,1.0000,1.0000E+00,1.0000E+00,
1359,979.40,10210.31,2528.55,846.5000,65535.0000,1644.0000,797.5000,0.0000,0.0000,0.0000,1.0000,1.0000E+00,1.0000E+00,
1360,979.54,10208.88,2529.97,853.0000,65535.0000,1681.0000,828.0000,0.0000,0.0000,0.0000,1.0000,1.0000E+00,1.0000E+00,
1361,979.68,10207.46,2531.39,977.5000,65535.0000,1757.0000,779.5000,0.0000,0.0000,0.0000,1.0000,1.0000E+00,1.0000E+00,
1362,979.81,10206.04,2532.81,842.5000,65535.0000,1650.0000,807.5000,0.0000,0.0000,0.0000,1.0000,1.0000E+00,1.0000E+00,
1363,979.95,10204.62,2534.24,850.0000,65535.0000,1604.5000,754.5000,0.0000,0.0000,0.0000,1.0000,1.0000E+00,1.0000E+00,
1364,980.09,10203.20,2535.66,825.0000,65535.0000,1614.5000,789.5000,0.0000,0.0000,0.0000,1.0000,1.0000E+00,1.0000E+00,
1365,980.22,10201.78,2537.08,848.5000,65535.0000,1613.5000,765.0000,0.0000,0.0000,0.0000,1.0000,1.0000E+00,1.0000E+00,
1366,980.36,10200.36,2538.50,885.0000,65535.0000,1663.0000,778.0000,0.0000,0.0000,0.0000,1.0000,1.0000E+00,1.0000E+00,
1367,980.49,10198.94,2539.92,863.0000,65535.0000,1589.5000,726.5000,0.0000,0.0000,0.0000,1.0000,1.0000E+00,1.0000E+00,
1368,980.63,10197.52,2541.33,867.0000,65535.0000,1620.5000,753.5000,0.0000,0.0000,0.0000,1.0000,1.0000E+00,1.0000E+00,
1369,980.77,10196.10,2542.75,880.0000,65535.0000,1625.0000,745.0000,0.0000,0.0000,0.0000,1.0000,1.0000E+00,1.0000E+00,
1370,980.90,10194.68,2544.17,845.5000,65535.0000,1590.5000,745.0000,0.0000,0.0000,0.0000,1.0000,1.0000E+00,1.0000E+00,
1371,981.04,10193.27,2545.59,826.5000,65535.0000,1575.5000,749.0000,0.0000,0.0000,0.0000,1.0000,1.0000E+00,1.0000E+00,
1372,981.18,10191.85,2547.00,840.5000,65535.0000,1586.0000,745.5000,0.0000,0.0000,0.0000,1.0000,1.0000E+00,1.0000E+00,
1373,981.31,10190.43,2548.42,847.5000,65535.0000,1594.5000,747.0000,0.0000,0.0000,0.0000,1.0000,1.0000E+00,1.0000E+00,
1374,981.45,10189.02,2549.84,873.0000,65535.0000,1602.5000,729.5000,0.0000,0.0000,0.0000,1.0000,1.0000E+00,1.0000E+00,
1375,981.59,10187.60,2551.25,873.0000,65535.0000,1602.5000,729.5000,0.0000,0.0000,0.0000,1.0000,1.0000E+00,1.0000E+00,
1376,981.72,10186.19,2552.66,851.5000,65535.0000,1587.5000,736.0000,0.0000,0.0000,0.0000,1.0000,1.0000E+00,1.0000E+00,
1377,981.86,10184.78,2554.08,869.5000,65535.0000,1559.5000,690.0000,0.0000,0.0000,0.0000,1.0000,1.0000E+00,1.0000E+00,
1378,981.99,10183.36,2555.49,850.5000,65535.0000,1551.0000,700.5000,0.0000,0.0000,0.0000,1.0000,1.0000E+00,1.0000E+00,
1379,982.13,10181.95,2556.90,859.5000,65535.0000,1607.5000,748.0000,0.0000,0.0000,0.0000,1.0000,1.0000E+00,1.0000E+00,
1380,982.27,10180.54,2558.32,852.5000,65535.0000,1586.0000,733.5000,0.0000,0.0000,0.0000,1.0000,1.0000E+00,1.0000E+00,
1381,982.40,10179.13,2559.73,841.0000,65535.0000,1577.0000,736.0000,0.0000,0.0000,0.0000,1.0000,1.0000E+00,1.0000E+00,
1382,982.54,10177.72,2561.14,807.5000,65535.0000,1556.0000,748.5000,0.0000,0.0000,0.0000,1.0000,1.0000E+00,1.0000E+00,
1383,982.67,10176.30,2562.55,833.0000,65535.0000,1574.5000,741.5000,0.0000,0.0000,0.0000,1.0000,1.0000E+00,1.0000E+00,
1384,982.81,10174.89,2563.96,838.5000,65535.0000,1550.5000,712.0000,0.0000,0.0000,0.0000,1.0000,1.0000E+00,1.0000E+00,
1385,982.95,10173.49,2565.37,840.0000,65535.0000,1539.5000,699.5000,0.0000,0.0000,0.0000,1.0000,1.0000E+00,1.0000E+00,
1386,983.08,10172.08,2566.78,853.5000,65535.0000,1534.5000,681.0000,0.0000,0.0000,0.0000,1.0000,1.0000E+00,1.0000E+00,
1387,983.22,10170.67,2568.19,929.0000,65535.0000,1601.0000,672.0000,0.0000,0.0000,0.0000,1.0000,1.0000E+00,1.0000E+00,
1388,983.36,10169.26,2569.59,858.0000,65535.0000,1572.0000,714.0000,0.0000,0.0000,0.0000,1.0000,1.0000E+00,1.0000E+00,
1389,983.49,10167.85,2571.00,875.0000,65535.0000,1578.0000,703.0000,0.0000,0.0000,0.0000,1.0000,1.0000E+00,1.0000E+00,
1390,983.63,10166.45,2572.41,895.5000,65535.0000,1606.0000,710.5000,0.0000,0.0000,0.0000,1.0000,1.0000E+00,1.0000E+00,
1391,983.76,10165.04,2573.81,881.0000,65535.0000,1598.0000,717.0000,0.0000,0.0000,0.0000,1.0000,1.0000E+00,1.0000E+00,
1392,983.90,10163.63,2575.22,866.5000,65535.0000,1565.5000,699.0000,0.0000,0.0000,0.0000,1.0000,1.0000E+00,1.0000E+00,
1393,984.04,10162.23,2576.62,803.5000,65535.0000,1499.0000,695.5000,0.0000,0.0000,0.0000,1.0000,1.0000E+00,1.0000E+00,
1394,984.17,10160.83,2578.03,840.0000,65535.0000,1538.5000,698.5000,0.0000,0.0000,0.0000,1.0000,1.0000E+00,1.0000E+00,
1395,984.31,10159.42,2579.43,845.0000,65535.0000,1565.0000,720.0000,0.0000,0.0000,0.0000,1.0000,1.0000E+00,1.0000E+00,
1396,984.44,10158.02,2580.84,840.0000,65535.0000,1533.5000,693.5000,0.0000,0.0000,0.0000,1.0000,1.0000E+00,1.0000E+00,
1397,984.58,10156.61,2582.24,893.5000,65535.0000,1596.0000,702.5000,0.0000,0.0000,0.0000,1.0000,1.0000E+00,1.0000E+00,
1398,984.72,10155.21,2583.64,882.0000,65535.0000,1519.5000,637.5000,0.0000,0.0000,0.0000,1.0000,1.0000E+00,1.0000E+00,
1399,984.85,10153.81,2585.04,833.5000,65535.0000,1527.0000,693.5000,0.0000,0.0000,0.0000,1.0000,1.0000E+00,1.0000E+00,
1400,984.99,10152.41,2586.44,847.0000,65535.0000,1534.0000,687.0000,0.0000,0.0000,0.0000,1.0000,1.0000E+00,1.0000E+00,
1401,985.12,10151.01,2587.84,848.5000,65535.0000,1497.0000,648.5000,0.0000,0.0000,0.0000,1.0000,1.0000E+00,1.0000E+00,
1402,985.26,10149.61,2589.25,880.5000,65535.0000,1533.5000,653.0000,0.0000,0.0000,0.0000,1.0000,1.0000E+00,1.0000E+00,
1403,985.40,10148.21,2590.64,822.5000,65535.0000,1503.5000,681.0000,0.0000,0.0000,0.0000,1.0000,1.0000E+00,1.0000E+00,
1404,985.53,10146.81,2592.04,859.5000,65535.0000,1515.5000,656.0000,0.0000,0.0000,0.0000,1.0000,1.0000E+00,1.0000E+00,
1405,985.67,10145.41,2593.44,867.0000,65535.0000,1547.0000,680.0000,0.0000,0.0000,0.0000,1.0000,1.0000E+00,1.0000E+00,
1406,985.80,10144.01,2594.84,852.5000,65535.0000,1516.0000,663.5000,0.0000,0.0000,0.0000,1.0000,1.0000E+00,1.0000E+00,
1407,985.94,10142.62,2596.24,830.0000,65535.0000,1509.5000,679.5000,0.0000,0.0000,0.0000,1.0000,1.0000E+00,1.0000E+00,
1408,986.07,10141.22,2597.64,863.5000,65535.0000,1546.0000,682.5000,0.0000,0.0000,0.0000,1.0000,1.0000E+00,1.0000E+00,
1409,986.21,10139.82,2599.03,868.0000,65535.0000,1523.0000,655.0000,0.0000,0.0000,0.0000,1.0000,1.0000E+00,1.0000E+00,
1410,986.35,10138.43,2600.43,823.5000,65535.0000,1538.5000,715.0000,0.0000,0.0000,0.0000,1.0000,1.0000E+00,1.0000E+00,
1411,986.48,10137.03,2601.82,809.0000,65535.0000,1480.0000,671.0000,0.0000,0.0000,0.0000,1.0000,1.0000E+00,1.0000E+00,
1412,986.62,10135.64,2603.22,858.0000,65535.0000,1529.5000,671.5000,0.0000,0.0000,0.0000,1.0000,1.0000E+00,1.0000E+00,
1413,986.75,10134.24,2604.61,832.5000,65535.0000,1490.5000,658.0000,0.0000,0.0000,0.0000,1.0000,1.0000E+00,1.0000E+00,
1414,986.89,10132.85,2606.01,832.0000,65535.0000,1504.5000,672.5000,0.0000,0.0000,0.0000,1.0000,1.0000E+00,1.0000E+00,
1415,987.03,10131.45,2607.40,871.0000,65535.0000,1502.5000,631.5000,0.0000,0.0000,0.0000,1.0000,1.0000E+00,1.0000E+00,
1416,987.16,10130.06,2608.79,823.0000,65535.0000,1478.0000,655.0000,0.0000,0.0000,0.0000,1.0000,1.0000E+00,1.0000E+00,
1417,987.30,10128.67,2610.18,846.5000,65535.0000,1501.5000,655.0000,0.0000,0.0000,0.0000,1.0000,1.0000E+00,1.0000E+00,
1418,987.43,10127.28,2611.58,821.0000,65535.0000,1539.5000,718.5000,0.0000,0.0000,0.0000,1.0000,1.0000E+00,1.0000E+00,
1419,987.57,10125.89,2612.97,868.0000,65535.0000,1495.5000,627.5000,0.0000,0.0000,0.0000,1.0000,1.0000E+00,1.0000E+00,
1420,987.70,10124.50,2614.36,831.0000,65535.0000,1528.5000,697.5000,0.0000,0.0000,0.0000,1.0000,1.0000E+00,1.0000E+00,
1421,987.84,10123.11,2615.75,906.5000,65535.0000,1566.0000,659.5000,0.0000,0.0000,0.0000,1.0000,1.0000E+00,1.0000E+00,
1422,987.97,10121.72,2617.14,863.5000,65535.0000,1529.0000,665.5000,0.0000,0.0000,0.0000,1.0000,1.0000E+00,1.0000E+00,
1423,988.11,10120.33,2618.53,855.0000,65535.0000,1483.0000,628.0000,0.0000,0.0000,0.0000,1.0000,1.0000E+00,1.0000E+00,
1424,988.25,10118.94,2619.91,862.0000,65535.0000,1544.5000,682.5000,0.0000,0.0000,0.0000,1.0000,1.0000E+00,1.0000E+00,
1425,988.38,10117.55,2621.30,865.0000,65535.0000,1495.0000,630.0000,0.0000,0.0000,0.0000,1.0000,1.0000E+00,1.0000E+00,
1426,988.52,10116.16,2622.69,864.0000,65535.0000,1507.5000,643.5000,0.0000,0.0000,0.0000,1.0000,1.0000E+00,1.0000E+00,
1427,988.65,10114.78,2624.08,852.5000,65535.0000,1495.0000,642.5000,0.0000,0.0000,0.0000,1.0000,1.0000E+00,1.0000E+00,
1428,988.79,10113.39,2625.46,1009.0000,65535.0000,1711.5000,702.5000,0.0000,0.0000,0.0000,1.0000,1.0000E+00,1.0000E+00,
1429,988.92,10112.00,2626.85,856.0000,65535.0000,1505.0000,649.0000,0.0000,0.0000,0.0000,1.0000,1.0000E+00,1.0000E+00,
1430,989.06,10110.62,2628.23,825.5000,65535.0000,1525.0000,699.5000,0.0000,0.0000,0.0000,1.0000,1.0000E+00,1.0000E+00,
1431,989.19,10109.23,2629.62,896.0000,65535.0000,1494.5000,598.5000,0.0000,0.0000,0.0000,1.0000,1.0000E+00,1.0000E+00,
1432,989.33,10107.85,2631.00,857.0000,65535.0000,1543.0000,686.0000,0.0000,0.0000,0.0000,1.0000,1.0000E+00,1.0000E+00,
1433,989.47,10106.47,2632.39,831.0000,65535.0000,1492.0000,661.0000,0.0000,0.0000,0.0000,1.0000,1.0000E+00,1.0000E+00,
1434,989.60,10105.08,2633.77,858.5000,65535.0000,1524.0000,665.5000,0.0000,0.0000,0.0000,1.0000,1.0000E+00,1.0000E+00,
1435,989.74,10103.70,2635.15,879.5000,65535.0000,1462.0000,582.5000,0.0000,0.0000,0.0000,1.0000,1.0000E+00,1.0000E+00,
1436,989.87,10102.32,2636.54,823.0000,65535.0000,1479.5000,656.5000,0.0000,0.0000,0.0000,1.0000,1.0000E+00,1.0000E+00,
1437,990.01,10100.94,2637.92,909.5000,65535.0000,1505.0000,595.5000,0.0000,0.0000,0.0000,1.0000,1.0000E+00,1.0000E+00,
1438,990.14,10099.56,2639.30,848.0000,65535.0000,1485.5000,637.5000,0.0000,0.0000,0.0000,1.0000,1.0000E+00,1.0000E+00,
1439,990.28,10098.18,2640.68,843.5000,65535.0000,1471.5000,628.0000,0.0000,0.0000,0.0000,1.0000,1.0000E+00,1.0000E+00,
1440,990.41,10096.80,2642.06,844.5000,65535.0000,1521.5000,677.0000,0.0000,0.0000,0.0000,1.0000,1.0000E+00,1.0000E+00,
1441,990.55,10095.42,2643.44,885.5000,65535.0000,1501.5000,616.0000,0.0000,0.0000,0.0000,1.0000,1.0000E+00,1.0000E+00,
1442,990.68,10094.04,2644.82,844.5000,65535.0000,1483.0000,638.5000,0.0000,0.0000,0.0000,1.0000,1.0000E+00,1.0000E+00,
1443,990.82,10092.66,2646.20,839.0000,65535.0000,1459.5000,620.5000,0.0000,0.0000,0.0000,1.0000,1.0000E+00,1.0000E+00,
1444,990.95,10091.28,2647.57,870.5000,65535.0000,1505.5000,635.0000,0.0000,0.0000,0.0000,1.0000,1.0000E+00,1.0000E+00,
1445,991.09,10089.90,2648.95,870.0000,65535.0000,1486.0000,616.0000,0.0000,0.0000,0.0000,1.0000,1.0000E+00,1.0000E+00,
1446,991.23,10088.53,2650.33,842.0000,65535.0000,1460.5000,618.5000,0.0000,0.0000,0.0000,1.0000,1.0000E+00,1.0000E+00,
1447,991.36,10087.15,2651.70,864.5000,65535.0000,1453.5000,589.0000,0.0000,0.0000,0.0000,1.0000,1.0000E+00,1.0000E+00,
1448,991.50,10085.77,2653.08,881.0000,65535.0000,1472.5000,591.5000,0.0000,0.0000,0.0000,1.0000,1.0000E+00,1.0000E+00,
1449,991.63,10084.40,2654.45,875.5000,65535.0000,1473.5000,598.0000,0.0000,0.0000,0.0000,1.0000,1.0000E+00,1.0000E+00,
1450,991.77,10083.02,2655.83,827.5000,65535.0000,1433.5000,606.0000,0.0000,0.0000,0.0000,1.0000,1.0000E+00,1.0000E+00,
1451,991.90,10081.65,2657.20,874.0000,65535.0000,1479.5000,605.5000,0.0000,0.0000,0.0000,1.0000,1.0000E+00,1.0000E+00,
1452,992.04,10080.28,2658.58,875.5000,65535.0000,1459.0000,583.5000,0.0000,0.0000,0.0000,1.0000,1.0000E+00,1.0000E+00,
1453,992.17,10078.90,2659.95,859.0000,65535.0000,1501.0000,642.0000,0.0000,0.0000,0.0000,1.0000,1.0000E+00,1.0000E+00,
1454,992.31,10077.53,2661.32,867.0000,65535.0000,1449.5000,582.5000,0.0000,0.0000,0.0000,1.0000,1.0000E+00,1.0000E+00,
1455,992.44,10076.16,2662.70,863.0000,65535.0000,1494.5000,631.5000,0.0000,0.0000,0.0000,1.0000,1.0000E+00,1.0000E+00,
1456,992.58,10074.79,2664.07,817.0000,65535.0000,1445.0000,628.0000,0.0000,0.0000,0.0000,1.0000,1.0000E+00,1.0000E+00,
1457,992.71,10073.42,2665.44,834.0000,65535.0000,1440.5000,606.5000,0.0000,0.0000,0.0000,1.0000,1.0000E+00,1.0000E+00,
1458,992.85,10072.05,2666.81,851.5000,65535.0000,1441.0000,589.5000,0.0000,0.0000,0.0000,1.0000,1.0000E+00,1.0000E+00,
1459,992.98,10070.68,2668.18,863.0000,65535.0000,1455.5000,592.5000,0.0000,0.0000,0.0000,1.0000,1.0000E+00,1.0000E+00,
1460,993.12,10069.31,2669.55,811.5000,65535.0000,1424.0000,612.5000,0.0000,0.0000,0.0000,1.0000,1.0000E+00,1.0000E+00,
1461,993.25,10067.94,2670.92,899.0000,65535.0000,1475.5000,576.5000,0.0000,0.0000,0.0000,1.0000,1.0000E+00,1.0000E+00,
1462,993.39,10066.57,2672.29,858.5000,65535.0000,1424.0000,565.5000,0.0000,0.0000,0.0000,1.0000,1.0000E+00,1.0000E+00,
1463,993.52,10065.20,2673.65,846.5000,65535.0000,1466.5000,620.0000,0.0000,0.0000,0.0000,1.0000,1.0000E+00,1.0000E+00,
1464,993.66,10063.83,2675.02,850.5000,65535.0000,1427.5000,577.0000,0.0000,0.0000,0.0000,1.0000,1.0000E+00,1.0000E+00,
1465,993.79,10062.47,2676.39,857.0000,65535.0000,1434.0000,577.0000,0.0000,0.0000,0.0000,1.0000,1.0000E+00,1.0000E+00,
1466,993.93,10061.10,2677.75,874.5000,65535.0000,1462.0000,587.5000,0.0000,0.0000,0.0000,1.0000,1.0000E+00,1.0000E+00,
1467,994.06,10059.73,2679.12,833.0000,65535.0000,1442.5000,609.5000,0.0000,0.0000,0.0000,1.0000,1.0000E+00,1.0000E+00,
1468,994.20,10058.37,2680.48,832.5000,65535.0000,1416.5000,584.0000,0.0000,0.0000,0.0000,1.0000,1.0000E+00,1.0000E+00,
1469,994.33,10057.00,2681.85,800.0000,65535.0000,1407.5000,607.5000,0.0000,0.0000,0.0000,1.0000,1.0000E+00,1.0000E+00,
1470,994.47,10055.64,2683.21,882.5000,65535.0000,1460.5000,578.0000,0.0000,0.0000,0.0000,1.0000,1.0000E+00,1.0000E+00,
1471,994.60,10054.28,2684.58,822.0000,65535.0000,1415.5000,593.5000,0.0000,0.0000,0.0000,1.0000,1.0000E+00,1.0000E+00,
1472,994.74,10052.91,2685.94,853.0000,65535.0000,1419.0000,566.0000,0.0000,0.0000,0.0000,1.0000,1.0000E+00,1.0000E+00,
1473,994.87,10051.55,2687.30,875.5000,65535.0000,1451.0000,575.5000,0.0000,0.0000,0.0000,1.0000,1.0000E+00,1.0000E+00,
1474,995.01,10050.19,2688.67,828.5000,65535.0000,1389.0000,560.5000,0.0000,0.0000,0.0000,1.0000,1.0000E+00,1.0000E+00,
1475,995.14,10048.83,2690.03,825.5000,65535.0000,1401.0000,575.5000,0.0000,0.0000,0.0000,1.0000,1.0000E+00,1.0000E+00,
1476,995.28,10047.46,2691.39,806.0000,65535.0000,1415.0000,609.0000,0.0000,0.0000,0.0000,1.0000,1.0000E+00,1.0000E+00,
1477,995.41,10046.10,2692.75,832.5000,65535.0000,1388.0000,555.5000,0.0000,0.0000,0.0000,1.0000,1.0000E+00,1.0000E+00,
1478,995.55,10044.74,2694.11,817.5000,65535.0000,1413.0000,595.5000,0.0000,0.0000,0.0000,1.0000,1.0000E+00,1.0000E+00,
1479,995.68,10043.38,2695.47,830.5000,65535.0000,1447.5000,617.0000,0.0000,0.0000,0.0000,1.0000,1.0000E+00,1.0000E+00,
1480,995.82,10042.03,2696.83,823.5000,65535.0000,1426.5000,603.0000,0.0000,0.0000,0.0000,1.0000,1.0000E+00,1.0000E+00,
1481,995.95,10040.67,2698.19,867.0000,65535.0000,1447.5000,580.5000,0.0000,0.0000,0.0000,1.0000,1.0000E+00,1.0000E+00,
1482,996.08,10039.31,2699.54,827.5000,65535.0000,1427.5000,600.0000,0.0000,0.0000,0.0000,1.0000,1.0000E+00,1.0000E+00,
1483,996.22,10037.95,2700.90,845.0000,65535.0000,1425.0000,580.0000,0.0000,0.0000,0.0000,1.0000,1.0000E+00,1.0000E+00,
1484,996.35,10036.59,2702.26,867.5000,65535.0000,1411.5000,544.0000,0.0000,0.0000,0.0000,1.0000,1.0000E+00,1.0000E+00,
1485,996.49,10035.24,2703.62,846.5000,65535.0000,1437.0000,590.5000,0.0000,0.0000,0.0000,1.0000,1.0000E+00,1.0000E+00,
1486,996.62,10033.88,2704.97,782.0000,65535.0000,1416.5000,634.5000,0.0000,0.0000,0.0000,1.0000,1.0000E+00,1.0000E+00,
1487,996.76,10032.53,2706.33,839.5000,65535.0000,1419.0000,579.5000,0.0000,0.0000,0.0000,1.0000,1.0000E+00,1.0000E+00,
1488,996.89,10031.17,2707.68,787.0000,65535.0000,1401.5000,614.5000,0.0000,0.0000,0.0000,1.0000,1.0000E+00,1.0000E+00,
1489,997.03,10029.82,2709.04,840.0000,65535.0000,1418.5000,578.5000,0.0000,0.0000,0.0000,1.0000,1.0000E+00,1.0000E+00,
1490,997.16,10028.46,2710.39,819.0000,65535.0000,1428.0000,609.0000,0.0000,0.0000,0.0000,1.0000,1.0000E+00,1.0000E+00,
1491,997.30,10027.11,2711.74,862.5000,65535.0000,1456.5000,594.0000,0.0000,0.0000,0.0000,1.0000,1.0000E+00,1.0000E+00,
1492,997.43,10025.76,2713.10,823.0000,65535.0000,1407.5000,584.5000,0.0000,0.0000,0.0000,1.0000,1.0000E+00,1.0000E+00,
1493,997.57,10024.40,2714.45,864.5000,65535.0000,1449.0000,584.5000,0.0000,0.0000,0.0000,1.0000,1.0000E+00,1.0000E+00,
1494,997.70,10023.05,2715.80,811.0000,65535.0000,1412.0000,601.0000,0.0000,0.0000,0.0000,1.0000,1.0000E+00,1.0000E+00,
1495,997.83,10021.70,2717.15,840.5000,65535.0000,1427.0000,586.5000,0.0000,0.0000,0.0000,1.0000,1.0000E+00,1.0000E+00,
1496,997.97,10020.35,2718.50,849.5000,65535.0000,1436.0000,586.5000,0.0000,0.0000,0.0000,1.0000,1.0000E+00,1.0000E+00,
1497,998.10,10019.00,2719.85,839.0000,65535.0000,1412.5000,573.5000,0.0000,0.0000,0.0000,1.0000,1.0000E+00,1.0000E+00,
1498,998.24,10017.65,2721.20,827.5000,65535.0000,1406.0000,578.5000,0.0000,0.0000,0.0000,1.0000,1.0000E+00,1.0000E+00,
1499,998.37,10016.30,2722.55,823.0000,65535.0000,1383.0000,560.0000,0.0000,0.0000,0.0000,1.0000,1.0000E+00,1.0000E+00,
1500,998.51,10014.95,2723.90,818.0000,65535.0000,1401.5000,583.5000,0.0000,0.0000,0.0000,1.0000,1.0000E+00,1.0000E+00,
1501,998.64,10013.60,2725.25,844.5000,65535.0000,1413.5000,569.0000,0.0000,0.0000,0.0000,1.0000,1.0000E+00,1.0000E+00,
1502,998.78,10012.26,2726.60,913.0000,65535.0000,1507.5000,594.5000,0.0000,0.0000,0.0000,1.0000,1.0000E+00,1.0000E+00,
1503,998.91,10010.91,2727.94,829.0000,65535.0000,1413.5000,584.5000,0.0000,0.0000,0.0000,1.0000,1.0000E+00,1.0000E+00,
1504,999.04,10009.56,2729.29,813.0000,65535.0000,1406.0000,593.0000,0.0000,0.0000,0.0000,1.0000,1.0000E+00,1.0000E+00,
1505,999.18,10008.22,2730.64,788.5000,65535.0000,1374.5000,586.0000,0.0000,0.0000,0.0000,1.0000,1.0000E+00,1.0000E+00,
1506,999.31,10006.87,2731.98,818.0000,65535.0000,1354.0000,536.0000,0.0000,0.0000,0.0000,1.0000,1.0000E+00,1.0000E+00,
1507,999.45,10005.53,2733.33,800.0000,65535.0000,1360.0000,560.0000,0.0000,0.0000,0.0000,1.0000,1.0000E+00,1.0000E+00,
1508,999.58,10004.18,2734.67,814.5000,65535.0000,1368.5000,554.0000,0.0000,0.0000,0.0000,1.0000,1.0000E+00,1.0000E+00,
1509,999.72,10002.84,2736.02,828.5000,65535.0000,1398.5000,570.0000,0.0000,0.0000,0.0000,1.0000,1.0000E+00,1.0000E+00,
1510,999.85,10001.49,2737.36,799.5000,65535.0000,1339.0000,539.5000,0.0000,0.0000,0.0000,1.0000,1.0000E+00,1.0000E+00,
1511,999.98,10000.15,2738.70,795.0000,65535.0000,1358.5000,563.5000,0.0000,0.0000,0.0000,1.0000,1.0000E+00,1.0000E+00,
1512,1000.12,9998.81,2740.05,836.5000,65535.0000,1404.0000,567.5000,0.0000,0.0000,0.0000,1.0000,1.0000E+00,1.0000E+00,
1513,1000.25,9997.47,2741.39,811.0000,65535.0000,1386.0000,575.0000,0.0000,0.0000,0.0000,1.0000,1.0000E+00,1.0000E+00,
1514,1000.39,9996.12,2742.73,804.5000,65535.0000,1395.5000,591.0000,0.0000,0.0000,0.0000,1.0000,1.0000E+00,1.0000E+00,
1515,1000.52,9994.78,2744.07,808.0000,65535.0000,1373.5000,565.5000,0.0000,0.0000,0.0000,1.0000,1.0000E+00,1.0000E+00,
1516,1000.66,9993.44,2745.41,819.0000,65535.0000,1357.5000,538.5000,0.0000,0.0000,0.0000,1.0000,1.0000E+00,1.0000E+00,
1517,1000.79,9992.10,2746.75,867.5000,65535.0000,1411.0000,543.5000,0.0000,0.0000,0.0000,1.0000,1.0000E+00,1.0000E+00,
1518,1000.92,9990.76,2748.09,793.0000,65535.0000,1372.0000,579.0000,0.0000,0.0000,0.0000,1.0000,1.0000E+00,1.0000E+00,
1519,1001.06,9989.42,2749.43,791.5000,65535.0000,1356.0000,564.5000,0.0000,0.0000,0.0000,1.0000,1.0000E+00,1.0000E+00,
1520,1001.19,9988.08,2750.77,822.5000,65535.0000,1370.5000,548.0000,0.0000,0.0000,0.0000,1.0000,1.0000E+00,1.0000E+00,
1521,1001.33,9986.75,2752.11,797.0000,65535.0000,1336.0000,539.0000,0.0000,0.0000,0.0000,1.0000,1.0000E+00,1.0000E+00,
1522,1001.46,9985.41,2753.44,817.5000,65535.0000,1350.0000,532.5000,0.0000,0.0000,0.0000,1.0000,1.0000E+00,1.0000E+00,
1523,1001.60,9984.07,2754.78,800.0000,65535.0000,1368.5000,568.5000,0.0000,0.0000,0.0000,1.0000,1.0000E+00,1.0000E+00,
1524,1001.73,9982.74,2756.12,843.5000,65535.0000,1363.5000,520.0000,0.0000,0.0000,0.0000,1.0000,1.0000E+00,1.0000E+00,
1525,1001.86,9981.40,2757.45,766.0000,65535.0000,1315.0000,549.0000,0.0000,0.0000,0.0000,1.0000,1.0000E+00,1.0000E+00,
1526,1002.00,9980.06,2758.79,794.5000,65535.0000,1336.0000,541.5000,0.0000,0.0000,0.0000,1.0000,1.0000E+00,1.0000E+00,
1527,1002.13,9978.73,2760.12,809.0000,65535.0000,1348.0000,539.0000,0.0000,0.0000,0.0000,1.0000,1.0000E+00,1.0000E+00,
1528,1002.27,9977.40,2761.46,859.0000,65535.0000,1379.0000,520.0000,0.0000,0.0000,0.0000,1.0000,1.0000E+00,1.0000E+00,
1529,1002.40,9976.06,2762.79,794.5000,65535.0000,1367.5000,573.0000,0.0000,0.0000,0.0000,1.0000,1.0000E+00,1.0000E+00,
1530,1002.53,9974.73,2764.13,827.5000,65535.0000,1361.5000,534.0000,0.0000,0.0000,0.0000,1.0000,1.0000E+00,1.0000E+00,
1531,1002.67,9973.39,2765.46,798.0000,65535.0000,1325.0000,527.0000,0.0000,0.0000,0.0000,1.0000,1.0000E+00,1.0000E+00,
1532,1002.80,9972.06,2766.79,821.0000,65535.0000,1342.5000,521.5000,0.0000,0.0000,0.0000,1.0000,1.0000E+00,1.0000E+00,
1533,1002.94,9970.73,2768.12,807.0000,65535.0000,1307.5000,500.5000,0.0000,0.0000,0.0000,1.0000,1.0000E+00,1.0000E+00,
1534,1003.07,9969.40,2769.45,833.0000,65535.0000,1364.5000,531.5000,0.0000,0.0000,0.0000,1.0000,1.0000E+00,1.0000E+00,
1535,1003.20,9968.07,2770.79,808.0000,65535.0000,1329.0000,521.0000,0.0000,0.0000,0.0000,1.0000,1.0000E+00,1.0000E+00,
1536,1003.34,9966.74,2772.12,815.5000,65535.0000,1340.0000,524.5000,0.0000,0.0000,0.0000,1.0000,1.0000E+00,1.0000E+00,
1537,1003.47,9965.41,2773.45,833.0000,65535.0000,1327.5000,494.5000,0.0000,0.0000,0.0000,1.0000,1.0000E+00,1.0000E+00,
1538,1003.61,9964.08,2774.78,784.5000,65535.0000,1305.0000,520.5000,0.0000,0.0000,0.0000,1.0000,1.0000E+00,1.0000E+00,
1539,1003.74,9962.75,2776.10,762.0000,65535.0000,1336.0000,574.0000,0.0000,0.0000,0.0000,1.0000,1.0000E+00,1.0000E+00,
1540,1003.87,9961.42,2777.43,804.5000,65535.0000,1332.0000,527.5000,0.0000,0.0000,0.0000,1.0000,1.0000E+00,1.0000E+00,
1541,1004.01,9960.09,2778.76,810.5000,65535.0000,1335.5000,525.0000,0.0000,0.0000,0.0000,1.0000,1.0000E+00,1.0000E+00,
1542,1004.14,9958.77,2780.09,889.5000,65535.0000,1409.0000,519.5000,0.0000,0.0000,0.0000,1.0000,1.0000E+00,1.0000E+00,
1543,1004.27,9957.44,2781.41,778.5000,65535.0000,1300.5000,522.0000,0.0000,0.0000,0.0000,1.0000,1.0000E+00,1.0000E+00,
1544,1004.41,9956.11,2782.74,784.5000,65535.0000,1281.0000,496.5000,0.0000,0.0000,0.0000,1.0000,1.0000E+00,1.0000E+00,
1545,1004.54,9954.79,2784.07,814.5000,65535.0000,1378.5000,564.0000,0.0000,0.0000,0.0000,1.0000,1.0000E+00,1.0000E+00,
1546,1004.68,9953.46,2785.39,793.0000,65535.0000,1300.0000,507.0000,0.0000,0.0000,0.0000,1.0000,1.0000E+00,1.0000E+00,
1547,1004.81,9952.14,2786.72,793.5000,65535.0000,1324.5000,531.0000,0.0000,0.0000,0.0000,1.0000,1.0000E+00,1.0000E+00,
1548,1004.94,9950.81,2788.04,782.0000,65535.0000,1288.0000,506.0000,0.0000,0.0000,0.0000,1.0000,1.0000E+00,1.0000E+00,
1549,1005.08,9949.49,2789.37,778.0000,65535.0000,1312.0000,534.0000,0.0000,0.0000,0.0000,1.0000,1.0000E+00,1.0000E+00,
1550,1005.21,9948.17,2790.69,791.0000,65535.0000,1316.0000,525.0000,0.0000,0.0000,0.0000,1.0000,1.0000E+00,1.0000E+00,
1551,1005.34,9946.84,2792.01,791.5000,65535.0000,1324.0000,532.5000,0.0000,0.0000,0.0000,1.0000,1.0000E+00,1.0000E+00,
1552,1005.48,9945.52,2793.33,794.0000,65535.0000,1301.0000,507.0000,0.0000,0.0000,0.0000,1.0000,1.0000E+00,1.0000E+00,
1553,1005.61,9944.20,2794.66,798.5000,65535.0000,1321.0000,522.5000,0.0000,0.0000,0.0000,1.0000,1.0000E+00,1.0000E+00,
1554,1005.75,9942.88,2795.98,810.5000,65535.0000,1289.0000,478.5000,0.0000,0.0000,0.0000,1.0000,1.0000E+00,1.0000E+00,
1555,1005.88,9941.56,2797.30,767.5000,65535.0000,1273.0000,505.5000,0.0000,0.0000,0.0000,1.0000,1.0000E+00,1.0000E+00,
1556,1006.01,9940.24,2798.62,799.0000,65535.0000,1320.0000,521.0000,0.0000,0.0000,0.0000,1.0000,1.0000E+00,1.0000E+00,
1557,1006.15,9938.92,2799.94,777.5000,65535.0000,1316.5000,539.0000,0.0000,0.0000,0.0000,1.0000,1.0000E+00,1.0000E+00,
1558,1006.28,9937.60,2801.26,790.0000,65535.0000,1312.0000,522.0000,0.0000,0.0000,0.0000,1.0000,1.0000E+00,1.0000E+00,
1559,1006.41,9936.28,2802.58,771.5000,65535.0000,1311.5000,540.0000,0.0000,0.0000,0.0000,1.0000,1.0000E+00,1.0000E+00,
1560,1006.55,9934.96,2803.89,794.0000,65535.0000,1294.0000,500.0000,0.0000,0.0000,0.0000,1.0000,1.0000E+00,1.0000E+00,
1561,1006.68,9933.64,2805.21,789.5000,65535.0000,1340.0000,550.5000,0.0000,0.0000,0.0000,1.0000,1.0000E+00,1.0000E+00,
1562,1006.81,9932.32,2806.53,789.5000,65535.0000,1302.0000,512.5000,0.0000,0.0000,0.0000,1.0000,1.0000E+00,1.0000E+00,
1563,1006.95,9931.01,2807.85,792.5000,65535.0000,1305.5000,513.0000,0.0000,0.0000,0.0000,1.0000,1.0000E+00,1.0000E+00,
1564,1007.08,9929.69,2809.16,807.0000,65535.0000,1290.0000,483.0000,0.0000,0.0000,0.0000,1.0000,1.0000E+00,1.0000E+00,
1565,1007.21,9928.38,2810.48,751.0000,65535.0000,1316.5000,565.5000,0.0000,0.0000,0.0000,1.0000,1.0000E+00,1.0000E+00,
1566,1007.35,9927.06,2811.79,815.5000,65535.0000,1311.5000,496.0000,0.0000,0.0000,0.0000,1.0000,1.0000E+00,1.0000E+00,
1567,1007.48,9925.75,2813.11,812.0000,65535.0000,1339.5000,527.5000,0.0000,0.0000,0.0000,1.0000,1.0000E+00,1.0000E+00,
1568,1007.61,9924.43,2814.42,754.5000,65535.0000,1282.5000,528.0000,0.0000,0.0000,0.0000,1.0000,1.0000E+00,1.0000E+00,
1569,1007.75,9923.12,2815.74,772.0000,65535.0000,1327.0000,555.0000,0.0000,0.0000,0.0000,1.0000,1.0000E+00,1.0000E+00,
1570,1007.88,9921.80,2817.05,811.0000,65535.0000,1298.0000,487.0000,0.0000,0.0000,0.0000,1.0000,1.0000E+00,1.0000E+00,
1571,1008.01,9920.49,2818.36,765.5000,65535.0000,1291.0000,525.5000,0.0000,0.0000,0.0000,1.0000,1.0000E+00,1.0000E+00,
1572,1008.15,9919.18,2819.68,781.0000,65535.0000,1298.5000,517.5000,0.0000,0.0000,0.0000,1.0000,1.0000E+00,1.0000E+00,
1573,1008.28,9917.87,2820.99,778.5000,65535.0000,1306.5000,528.0000,0.0000,0.0000,0.0000,1.0000,1.0000E+00,1.0000E+00,
1574,1008.41,9916.56,2822.30,819.5000,65535.0000,1294.5000,475.0000,0.0000,0.0000,0.0000,1.0000,1.0000E+00,1.0000E+00,
1575,1008.55,9915.24,2823.61,789.0000,65535.0000,1293.5000,504.5000,0.0000,0.0000,0.0000,1.0000,1.0000E+00,1.0000E+00,
1576,1008.68,9913.93,2824.92,809.5000,65535.0000,1331.5000,522.0000,0.0000,0.0000,0.0000,1.0000,1.0000E+00,1.0000E+00,
1577,1008.81,9912.62,2826.23,805.0000,65535.0000,1296.0000,491.0000,0.0000,0.0000,0.0000,1.0000,1.0000E+00,1.0000E+00,
1578,1008.95,9911.31,2827.54,804.5000,65535.0000,1284.5000,480.0000,0.0000,0.0000,0.0000,1.0000,1.0000E+00,1.0000E+00,
1579,1009.08,9910.01,2828.85,803.5000,65535.0000,1322.0000,518.5000,0.0000,0.0000,0.0000,1.0000,1.0000E+00,1.0000E+00,
1580,1009.21,9908.70,2830.16,806.0000,65535.0000,1320.0000,514.0000,0.0000,0.0000,0.0000,1.0000,1.0000E+00,1.0000E+00,
1581,1009.35,9907.39,2831.46,777.0000,65535.0000,1311.0000,534.0000,0.0000,0.0000,0.0000,1.0000,1.0000E+00,1.0000E+00,
1582,1009.48,9906.08,2832.77,802.0000,65535.0000,1308.0000,506.0000,0.0000,0.0000,0.0000,1.0000,1.0000E+00,1.0000E+00,
1583,1009.61,9904.78,2834.08,803.5000,65535.0000,1314.5000,511.0000,0.0000,0.0000,0.0000,1.0000,1.0000E+00,1.0000E+00,
1584,1009.75,9903.47,2835.38,800.5000,65535.0000,1362.5000,562.0000,0.0000,0.0000,0.0000,1.0000,1.0000E+00,1.0000E+00,
1585,1009.88,9902.16,2836.69,758.0000,65535.0000,1284.0000,526.0000,0.0000,0.0000,0.0000,1.0000,1.0000E+00,1.0000E+00,
1586,1010.01,9900.86,2838.00,810.5000,65535.0000,1326.5000,516.0000,0.0000,0.0000,0.0000,1.0000,1.0000E+00,1.0000E+00,
1587,1010.15,9899.55,2839.30,857.5000,65535.0000,1378.0000,520.5000,0.0000,0.0000,0.0000,1.0000,1.0000E+00,1.0000E+00,
1588,1010.28,9898.25,2840.60,785.0000,65535.0000,1360.5000,575.5000,0.0000,0.0000,0.0000,1.0000,1.0000E+00,1.0000E+00,
1589,1010.41,9896.94,2841.91,800.5000,65535.0000,1307.5000,507.0000,0.0000,0.0000,0.0000,1.0000,1.0000E+00,1.0000E+00,
1590,1010.55,9895.64,2843.21,820.5000,65535.0000,1350.0000,529.5000,0.0000,0.0000,0.0000,1.0000,1.0000E+00,1.0000E+00,
1591,1010.68,9894.34,2844.52,805.5000,65535.0000,1380.5000,575.0000,0.0000,0.0000,0.0000,1.0000,1.0000E+00,1.0000E+00,
1592,1010.81,9893.04,2845.82,783.5000,65535.0000,1362.5000,579.0000,0.0000,0.0000,0.0000,1.0000,1.0000E+00,1.0000E+00,
1593,1010.95,9891.73,2847.12,822.0000,65535.0000,1341.5000,519.5000,0.0000,0.0000,0.0000,1.0000,1.0000E+00,1.0000E+00,
1594,1011.08,9890.43,2848.42,803.0000,65535.0000,1333.5000,530.5000,0.0000,0.0000,0.0000,1.0000,1.0000E+00,1.0000E+00,
1595,1011.21,9889.13,2849.72,789.0000,65535.0000,1315.0000,526.0000,0.0000,0.0000,0.0000,1.0000,1.0000E+00,1.0000E+00,
1596,1011.34,9887.83,2851.02,805.0000,65535.0000,1346.5000,541.5000,0.0000,0.0000,0.0000,1.0000,1.0000E+00,1.0000E+00,
1597,1011.48,9886.53,2852.32,798.0000,65535.0000,1308.0000,510.0000,0.0000,0.0000,0.0000,1.0000,1.0000E+00,1.0000E+00,
1598,1011.61,9885.23,2853.62,799.0000,65535.0000,1370.5000,571.5000,0.0000,0.0000,0.0000,1.0000,1.0000E+00,1.0000E+00,
1599,1011.74,9883.93,2854.92,806.0000,65535.0000,1335.5000,529.5000,0.0000,0.0000,0.0000,1.0000,1.0000E+00,1.0000E+00,
1600,1011.88,9882.63,2856.22,786.5000,65535.0000,1303.0000,516.5000,0.0000,0.0000,0.0000,1.0000,1.0000E+00,1.0000E+00,
1601,1012.01,9881.34,2857.52,788.5000,65535.0000,1290.0000,501.5000,0.0000,0.0000,0.0000,1.0000,1.0000E+00,1.0000E+00,
1602,1012.14,9880.04,2858.81,801.5000,65535.0000,1351.0000,549.5000,0.0000,0.0000,0.0000,1.0000,1.0000E+00,1.0000E+00,
1603,1012.27,9878.74,2860.11,815.5000,65535.0000,1319.5000,504.0000,0.0000,0.0000,0.0000,1.0000,1.0000E+00,1.0000E+00,
1604,1012.41,9877.45,2861.41,860.0000,65535.0000,1366.0000,506.0000,0.0000,0.0000,0.0000,1.0000,1.0000E+00,1.0000E+00,
1605,1012.54,9876.15,2862.70,813.0000,65535.0000,1331.0000,518.0000,0.0000,0.0000,0.0000,1.0000,1.0000E+00,1.0000E+00,
1606,1012.67,9874.85,2864.00,822.0000,65535.0000,1327.0000,505.0000,0.0000,0.0000,0.0000,1.0000,1.0000E+00,1.0000E+00,
1607,1012.81,9873.56,2865.29,803.0000,65535.0000,1291.5000,488.5000,0.0000,0.0000,0.0000,1.0000,1.0000E+00,1.0000E+00,
1608,1012.94,9872.26,2866.59,782.5000,65535.0000,1347.5000,565.0000,0.0000,0.0000,0.0000,1.0000,1.0000E+00,1.0000E+00,
1609,1013.07,9870.97,2867.88,816.0000,65535.0000,1325.0000,509.0000,0.0000,0.0000,0.0000,1.0000,1.0000E+00,1.0000E+00,
1610,1013.20,9869.68,2869.18,830.5000,65535.0000,1381.0000,550.5000,0.0000,0.0000,0.0000,1.0000,1.0000E+00,1.0000E+00,
1611,1013.34,9868.38,2870.47,801.5000,65535.0000,1323.0000,521.5000,0.0000,0.0000,0.0000,1.0000,1.0000E+00,1.0000E+00,
1612,1013.47,9867.09,2871.76,826.0000,65535.0000,1367.5000,541.5000,0.0000,0.0000,0.0000,1.0000,1.0000E+00,1.0000E+00,
1613,1013.60,9865.80,2873.05,804.5000,65535.0000,1320.0000,515.5000,0.0000,0.0000,0.0000,1.0000,1.0000E+00,1.0000E+00,
1614,1013.74,9864.51,2874.35,782.5000,65535.0000,1321.0000,538.5000,0.0000,0.0000,0.0000,1.0000,1.0000E+00,1.0000E+00,
1615,1013.87,9863.22,2875.64,810.0000,65535.0000,1336.5000,526.5000,0.0000,0.0000,0.0000,1.0000,1.0000E+00,1.0000E+00,
1616,1014.00,9861.93,2876.93,819.0000,65535.0000,1320.0000,501.0000,0.0000,0.0000,0.0000,1.0000,1.0000E+00,1.0000E+00,
1617,1014.13,9860.64,2878.22,795.0000,65535.0000,1304.0000,509.0000,0.0000,0.0000,0.0000,1.0000,1.0000E+00,1.0000E+00,
1618,1014.27,9859.35,2879.51,824.5000,65535.0000,1372.5000,548.0000,0.0000,0.0000,0.0000,1.0000,1.0000E+00,1.0000E+00,
1619,1014.40,9858.06,2880.80,801.5000,65535.0000,1325.0000,523.5000,0.0000,0.0000,0.0000,1.0000,1.0000E+00,1.0000E+00,
1620,1014.53,9856.77,2882.09,790.0000,65535.0000,1325.5000,535.5000,0.0000,0.0000,0.0000,1.0000,1.0000E+00,1.0000E+00,
1621,1014.66,9855.48,2883.37,807.0000,65535.0000,1385.5000,578.5000,0.0000,0.0000,0.0000,1.0000,1.0000E+00,1.0000E+00,
1622,1014.80,9854.19,2884.66,804.5000,65535.0000,1339.0000,534.5000,0.0000,0.0000,0.0000,1.0000,1.0000E+00,1.0000E+00,
1623,1014.93,9852.90,2885.95,800.0000,65535.0000,1379.0000,579.0000,0.0000,0.0000,0.0000,1.0000,1.0000E+00,1.0000E+00,
1624,1015.06,9851.62,2887.24,792.5000,65535.0000,1339.0000,546.5000,0.0000,0.0000,0.0000,1.0000,1.0000E+00,1.0000E+00,
1625,1015.19,9850.33,2888.52,790.0000,65535.0000,1358.0000,568.0000,0.0000,0.0000,0.0000,1.0000,1.0000E+00,1.0000E+00,
1626,1015.33,9849.05,2889.81,815.0000,65535.0000,1356.5000,541.5000,0.0000,0.0000,0.0000,1.0000,1.0000E+00,1.0000E+00,
1627,1015.46,9847.76,2891.09,767.0000,65535.0000,1361.5000,594.5000,0.0000,0.0000,0.0000,1.0000,1.0000E+00,1.0000E+00,
1628,1015.59,9846.48,2892.38,806.5000,65535.0000,1373.5000,567.0000,0.0000,0.0000,0.0000,1.0000,1.0000E+00,1.0000E+00,
1629,1015.72,9845.19,2893.66,784.5000,65535.0000,1342.5000,558.0000,0.0000,0.0000,0.0000,1.0000,1.0000E+00,1.0000E+00,
1630,1015.86,9843.91,2894.95,772.0000,65535.0000,1321.0000,549.0000,0.0000,0.0000,0.0000,1.0000,1.0000E+00,1.0000E+00,
1631,1015.99,9842.62,2896.23,791.5000,65535.0000,1341.5000,550.0000,0.0000,0.0000,0.0000,1.0000,1.0000E+00,1.0000E+00,
1632,1016.12,9841.34,2897.51,775.5000,65535.0000,1368.5000,593.0000,0.0000,0.0000,0.0000,1.0000,1.0000E+00,1.0000E+00,
1633,1016.25,9840.06,2898.79,790.5000,65535.0000,1380.5000,590.0000,0.0000,0.0000,0.0000,1.0000,1.0000E+00,1.0000E+00,
1634,1016.39,9838.78,2900.08,783.5000,65535.0000,1359.5000,576.0000,0.0000,0.0000,0.0000,1.0000,1.0000E+00,1.0000E+00,
1635,1016.52,9837.50,2901.36,809.5000,65535.0000,1392.5000,583.0000,0.0000,0.0000,0.0000,1.0000,1.0000E+00,1.0000E+00,
1636,1016.65,9836.22,2902.64,782.0000,65535.0000,1389.5000,607.5000,0.0000,0.0000,0.0000,1.0000,1.0000E+00,1.0000E+00,
1637,1016.78,9834.93,2903.92,833.0000,65535.0000,1426.5000,593.5000,0.0000,0.0000,0.0000,1.0000,1.0000E+00,1.0000E+00,
1638,1016.92,9833.65,2905.20,878.0000,65535.0000,1505.5000,627.5000,0.0000,0.0000,0.0000,1.0000,1.0000E+00,1.0000E+00,
1639,1017.05,9832.38,2906.48,788.0000,65535.0000,1381.0000,593.0000,0.0000,0.0000,0.0000,1.0000,1.0000E+00,1.0000E+00,
1640,1017.18,9831.10,2907.76,780.0000,65535.0000,1382.5000,602.5000,0.0000,0.0000,0.0000,1.0000,1.0000E+00,1.0000E+00,
1641,1017.31,9829.82,2909.04,818.0000,65535.0000,1441.5000,623.5000,0.0000,0.0000,0.0000,1.0000,1.0000E+00,1.0000E+00,
1642,1017.45,9828.54,2910.31,797.0000,65535.0000,1426.0000,629.0000,0.0000,0.0000,0.0000,1.0000,1.0000E+00,1.0000E+00,
1643,1017.58,9827.26,2911.59,772.0000,65535.0000,1443.5000,671.5000,0.0000,0.0000,0.0000,1.0000,1.0000E+00,1.0000E+00,
1644,1017.71,9825.99,2912.87,777.0000,65535.0000,1434.0000,657.0000,0.0000,0.0000,0.0000,1.0000,1.0000E+00,1.0000E+00,
1645,1017.84,9824.71,2914.14,785.0000,65535.0000,1423.0000,638.0000,0.0000,0.0000,0.0000,1.0000,1.0000E+00,1.0000E+00,
1646,1017.97,9823.43,2915.42,761.5000,65535.0000,1410.5000,649.0000,0.0000,0.0000,0.0000,1.0000,1.0000E+00,1.0000E+00,
1647,1018.11,9822.16,2916.70,775.0000,65535.0000,1455.0000,680.0000,0.0000,0.0000,0.0000,1.0000,1.0000E+00,1.0000E+00,
1648,1018.24,9820.88,2917.97,809.0000,65535.0000,1462.0000,653.0000,0.0000,0.0000,0.0000,1.0000,1.0000E+00,1.0000E+00,
1649,1018.37,9819.61,2919.25,797.0000,65535.0000,1454.0000,657.0000,0.0000,0.0000,0.0000,1.0000,1.0000E+00,1.0000E+00,
1650,1018.50,9818.33,2920.52,776.0000,65535.0000,1423.5000,647.5000,0.0000,0.0000,0.0000,1.0000,1.0000E+00,1.0000E+00,
1651,1018.63,9817.06,2921.79,800.0000,65535.0000,1476.0000,676.0000,0.0000,0.0000,0.0000,1.0000,1.0000E+00,1.0000E+00,
1652,1018.77,9815.79,2923.07,764.5000,65535.0000,1424.0000,659.5000,0.0000,0.0000,0.0000,1.0000,1.0000E+00,1.0000E+00,
1653,1018.90,9814.51,2924.34,786.5000,65535.0000,1419.5000,633.0000,0.0000,0.0000,0.0000,1.0000,1.0000E+00,1.0000E+00,
1654,1019.03,9813.24,2925.61,786.5000,65535.0000,1435.0000,648.5000,0.0000,0.0000,0.0000,1.0000,1.0000E+00,1.0000E+00,
1655,1019.16,9811.97,2926.88,776.5000,65535.0000,1416.0000,639.5000,0.0000,0.0000,0.0000,1.0000,1.0000E+00,1.0000E+00,
1656,1019.30,9810.70,2928.16,788.5000,65535.0000,1413.0000,624.5000,0.0000,0.0000,0.0000,1.0000,1.0000E+00,1.0000E+00,
1657,1019.43,9809.43,2929.43,781.5000,65535.0000,1397.0000,615.5000,0.0000,0.0000,0.0000,1.0000,1.0000E+00,1.0000E+00,
1658,1019.56,9808.16,2930.70,798.0000,65535.0000,1422.5000,624.5000,0.0000,0.0000,0.0000,1.0000,1.0000E+00,1.0000E+00,
1659,1019.69,9806.89,2931.97,798.5000,65535.0000,1392.0000,593.5000,0.0000,0.0000,0.0000,1.0000,1.0000E+00,1.0000E+00,
1660,1019.82,9805.62,2933.24,776.5000,65535.0000,1404.5000,628.0000,0.0000,0.0000,0.0000,1.0000,1.0000E+00,1.0000E+00,
1661,1019.96,9804.35,2934.50,791.0000,65535.0000,1353.5000,562.5000,0.0000,0.0000,0.0000,1.0000,1.0000E+00,1.0000E+00,
1662,1020.09,9803.08,2935.77,784.5000,65535.0000,1393.5000,609.0000,0.0000,0.0000,0.0000,1.0000,1.0000E+00,1.0000E+00,
1663,1020.22,9801.81,2937.04,802.5000,65535.0000,1345.0000,542.5000,0.0000,0.0000,0.0000,1.0000,1.0000E+00,1.0000E+00,
1664,1020.35,9800.55,2938.31,796.0000,65535.0000,1334.0000,538.0000,0.0000,0.0000,0.0000,1.0000,1.0000E+00,1.0000E+00,
1665,1020.48,9799.28,2939.57,775.0000,65535.0000,1323.0000,548.0000,0.0000,0.0000,0.0000,1.0000,1.0000E+00,1.0000E+00,
1666,1020.62,9798.01,2940.84,794.5000,65535.0000,1383.0000,588.5000,0.0000,0.0000,0.0000,1.0000,1.0000E+00,1.0000E+00,
1667,1020.75,9796.75,2942.11,794.0000,65535.0000,1339.5000,545.5000,0.0000,0.0000,0.0000,1.0000,1.0000E+00,1.0000E+00,
1668,1020.88,9795.48,2943.37,807.5000,65535.0000,1347.5000,540.0000,0.0000,0.0000,0.0000,1.0000,1.0000E+00,1.0000E+00,
1669,1021.01,9794.22,2944.64,774.5000,65535.0000,1300.0000,525.5000,0.0000,0.0000,0.0000,1.0000,1.0000E+00,1.0000E+00,
1670,1021.14,9792.95,2945.90,769.5000,65535.0000,1296.0000,526.5000,0.0000,0.0000,0.0000,1.0000,1.0000E+00,1.0000E+00,
1671,1021.27,9791.69,2947.17,786.0000,65535.0000,1335.0000,549.0000,0.0000,0.0000,0.0000,1.0000,1.0000E+00,1.0000E+00,
1672,1021.41,9790.42,2948.43,760.5000,65535.0000,1283.5000,523.0000,0.0000,0.0000,0.0000,1.0000,1.0000E+00,1.0000E+00,
1673,1021.54,9789.16,2949.69,790.0000,65535.0000,1290.0000,500.0000,0.0000,0.0000,0.0000,1.0000,1.0000E+00,1.0000E+00,
1674,1021.67,9787.90,2950.96,769.0000,65535.0000,1276.5000,507.5000,0.0000,0.0000,0.0000,1.0000,1.0000E+00,1.0000E+00,
1675,1021.80,9786.64,2952.22,805.5000,65535.0000,1318.0000,512.5000,0.0000,0.0000,0.0000,1.0000,1.0000E+00,1.0000E+00,
1676,1021.93,9785.37,2953.48,812.5000,65535.0000,1261.5000,449.0000,0.0000,0.0000,0.0000,1.0000,1.0000E+00,1.0000E+00,
1677,1022.07,9784.11,2954.74,775.5000,65535.0000,1276.0000,500.5000,0.0000,0.0000,0.0000,1.0000,1.0000E+00,1.0000E+00,
1678,1022.20,9782.85,2956.00,803.0000,65535.0000,1267.0000,464.0000,0.0000,0.0000,0.0000,1.0000,1.0000E+00,1.0000E+00,
1679,1022.33,9781.59,2957.26,816.0000,65535.0000,1284.5000,468.5000,0.0000,0.0000,0.0000,1.0000,1.0000E+00,1.0000E+00,
1680,1022.46,9780.33,2958.52,775.0000,65535.0000,1242.5000,467.5000,0.0000,0.0000,0.0000,1.0000,1.0000E+00,1.0000E+00,
1681,1022.59,9779.07,2959.78,790.5000,65535.0000,1240.0000,449.5000,0.0000,0.0000,0.0000,1.0000,1.0000E+00,1.0000E+00,
1682,1022.72,9777.81,2961.04,782.5000,65535.0000,1214.0000,431.5000,0.0000,0.0000,0.0000,1.0000,1.0000E+00,1.0000E+00,
1683,1022.86,9776.56,2962.30,765.5000,65535.0000,1218.0000,452.5000,0.0000,0.0000,0.0000,1.0000,1.0000E+00,1.0000E+00,
1684,1022.99,9775.30,2963.56,776.5000,65535.0000,1219.0000,442.5000,0.0000,0.0000,0.0000,1.0000,1.0000E+00,1.0000E+00,
1685,1023.12,9774.04,2964.81,815.5000,65535.0000,1249.0000,433.5000,0.0000,0.0000,0.0000,1.0000,1.0000E+00,1.0000E+00,
1686,1023.25,9772.78,2966.07,803.5000,65535.0000,1218.0000,414.5000,0.0000,0.0000,0.0000,1.0000,1.0000E+00,1.0000E+00,
1687,1023.38,9771.53,2967.33,825.0000,65535.0000,1240.5000,415.5000,0.0000,0.0000,0.0000,1.0000,1.0000E+00,1.0000E+00,
1688,1023.51,9770.27,2968.58,810.5000,65535.0000,1228.5000,418.0000,0.0000,0.0000,0.0000,1.0000,1.0000E+00,1.0000E+00,
1689,1023.64,9769.01,2969.84,784.0000,65535.0000,1187.0000,403.0000,0.0000,0.0000,0.0000,1.0000,1.0000E+00,1.0000E+00,
1690,1023.78,9767.76,2971.09,752.0000,65535.0000,1203.5000,451.5000,0.0000,0.0000,0.0000,1.0000,1.0000E+00,1.0000E+00,
1691,1023.91,9766.51,2972.35,771.5000,65535.0000,1168.5000,397.0000,0.0000,0.0000,0.0000,1.0000,1.0000E+00,1.0000E+00,
1692,1024.04,9765.25,2973.60,796.0000,65535.0000,1193.0000,397.0000,0.0000,0.0000,0.0000,1.0000,1.0000E+00,1.0000E+00,
1693,1024.17,9764.00,2974.86,779.5000,65535.0000,1180.5000,401.0000,0.0000,0.0000,0.0000,1.0000,1.0000E+00,1.0000E+00,
1694,1024.30,9762.74,2976.11,771.5000,65535.0000,1181.5000,410.0000,0.0000,0.0000,0.0000,1.0000,1.0000E+00,1.0000E+00,
1695,1024.43,9761.49,2977.36,762.0000,65535.0000,1174.0000,412.0000,0.0000,0.0000,0.0000,1.0000,1.0000E+00,1.0000E+00,
1696,1024.57,9760.24,2978.61,797.5000,65535.0000,1193.0000,395.5000,0.0000,0.0000,0.0000,1.0000,1.0000E+00,1.0000E+00,
1697,1024.70,9758.99,2979.87,787.0000,65535.0000,1178.5000,391.5000,0.0000,0.0000,0.0000,1.0000,1.0000E+00,1.0000E+00,
1698,1024.83,9757.74,2981.12,786.0000,65535.0000,1163.0000,377.0000,0.0000,0.0000,0.0000,1.0000,1.0000E+00,1.0000E+00,
1699,1024.96,9756.49,2982.37,803.5000,65535.0000,1180.0000,376.5000,0.0000,0.0000,0.0000,1.0000,1.0000E+00,1.0000E+00,
1700,1025.09,9755.24,2983.62,781.5000,65535.0000,1200.0000,418.5000,0.0000,0.0000,0.0000,1.0000,1.0000E+00,1.0000E+00,
1701,1025.22,9753.99,2984.87,784.0000,65535.0000,1147.0000,363.0000,0.0000,0.0000,0.0000,1.0000,1.0000E+00,1.0000E+00,
1702,1025.35,9752.74,2986.12,763.5000,65535.0000,1171.0000,407.5000,0.0000,0.0000,0.0000,1.0000,1.0000E+00,1.0000E+00,
1703,1025.48,9751.49,2987.37,769.0000,65535.0000,1142.5000,373.5000,0.0000,0.0000,0.0000,1.0000,1.0000E+00,1.0000E+00,
1704,1025.62,9750.24,2988.61,774.5000,65535.0000,1138.5000,364.0000,0.0000,0.0000,0.0000,1.0000,1.0000E+00,1.0000E+00,
1705,1025.75,9748.99,2989.86,770.5000,65535.0000,1143.5000,373.0000,0.0000,0.0000,0.0000,1.0000,1.0000E+00,1.0000E+00,
1706,1025.88,9747.74,2991.11,768.0000,65535.0000,1159.0000,391.0000,0.0000,0.0000,0.0000,1.0000,1.0000E+00,1.0000E+00,
1707,1026.01,9746.50,2992.36,774.0000,65535.0000,1146.0000,372.0000,0.0000,0.0000,0.0000,1.0000,1.0000E+00,1.0000E+00,
1708,1026.14,9745.25,2993.60,853.5000,65535.0000,1197.5000,344.0000,0.0000,0.0000,0.0000,1.0000,1.0000E+00,1.0000E+00,
1709,1026.27,9744.00,2994.85,783.0000,65535.0000,1120.0000,337.0000,0.0000,0.0000,0.0000,1.0000,1.0000E+00,1.0000E+00,
1710,1026.40,9742.76,2996.10,761.5000,65535.0000,1112.0000,350.5000,0.0000,0.0000,0.0000,1.0000,1.0000E+00,1.0000E+00,
1711,1026.53,9741.51,2997.34,776.0000,65535.0000,1110.5000,334.5000,0.0000,0.0000,0.0000,1.0000,1.0000E+00,1.0000E+00,
1712,1026.67,9740.27,2998.59,788.5000,65535.0000,1134.5000,346.0000,0.0000,0.0000,0.0000,1.0000,1.0000E+00,1.0000E+00,
1713,1026.80,9739.02,2999.83,763.0000,65535.0000,1126.5000,363.5000,0.0000,0.0000,0.0000,1.0000,1.0000E+00,1.0000E+00,
1714,1026.93,9737.78,3001.07,747.0000,65535.0000,1096.0000,349.0000,0.0000,0.0000,0.0000,1.0000,1.0000E+00,1.0000E+00,
1715,1027.06,9736.54,3002.32,798.0000,65535.0000,1109.5000,311.5000,0.0000,0.0000,0.0000,1.0000,1.0000E+00,1.0000E+00,
1716,1027.19,9735.29,3003.56,770.5000,65535.0000,1129.5000,359.0000,0.0000,0.0000,0.0000,1.0000,1.0000E+00,1.0000E+00,
1717,1027.32,9734.05,3004.80,747.5000,65535.0000,1072.5000,325.0000,0.0000,0.0000,0.0000,1.0000,1.0000E+00,1.0000E+00,
1718,1027.45,9732.81,3006.04,753.5000,65535.0000,1077.0000,323.5000,0.0000,0.0000,0.0000,1.0000,1.0000E+00,1.0000E+00,
1719,1027.58,9731.57,3007.29,825.0000,65535.0000,1158.5000,333.5000,0.0000,0.0000,0.0000,1.0000,1.0000E+00,1.0000E+00,
1720,1027.71,9730.33,3008.53,735.5000,65535.0000,1067.0000,331.5000,0.0000,0.0000,0.0000,1.0000,1.0000E+00,1.0000E+00,
1721,1027.85,9729.09,3009.77,780.5000,65535.0000,1130.5000,350.0000,0.0000,0.0000,0.0000,1.0000,1.0000E+00,1.0000E+00,
1722,1027.98,9727.85,3011.01,772.0000,65535.0000,1076.0000,304.0000,0.0000,0.0000,0.0000,1.0000,1.0000E+00,1.0000E+00,
1723,1028.11,9726.61,3012.25,755.0000,65535.0000,1115.0000,360.0000,0.0000,0.0000,0.0000,1.0000,1.0000E+00,1.0000E+00,
1724,1028.24,9725.37,3013.49,804.0000,65535.0000,1116.5000,312.5000,0.0000,0.0000,0.0000,1.0000,1.0000E+00,1.0000E+00,
1725,1028.37,9724.13,3014.72,790.5000,65535.0000,1082.0000,291.5000,0.0000,0.0000,0.0000,1.0000,1.0000E+00,1.0000E+00,
1726,1028.50,9722.89,3015.96,779.0000,65535.0000,1087.0000,308.0000,0.0000,0.0000,0.0000,1.0000,1.0000E+00,1.0000E+00,
1727,1028.63,9721.65,3017.20,790.5000,65535.0000,1115.5000,325.0000,0.0000,0.0000,0.0000,1.0000,1.0000E+00,1.0000E+00,
1728,1028.76,9720.42,3018.44,773.5000,65535.0000,1115.0000,341.5000,0.0000,0.0000,0.0000,1.0000,1.0000E+00,1.0000E+00,
1729,1028.89,9719.18,3019.67,762.0000,65535.0000,1095.0000,333.0000,0.0000,0.0000,0.0000,1.0000,1.0000E+00,1.0000E+00,
1730,1029.02,9717.94,3020.91,767.0000,65535.0000,1066.0000,299.0000,0.0000,0.0000,0.0000,1.0000,1.0000E+00,1.0000E+00,
1731,1029.16,9716.71,3022.15,783.5000,65535.0000,1122.0000,338.5000,0.0000,0.0000,0.0000,1.0000,1.0000E+00,1.0000E+00,
1732,1029.29,9715.47,3023.38,747.5000,65535.0000,1049.5000,302.0000,0.0000,0.0000,0.0000,1.0000,1.0000E+00,1.0000E+00,
1733,1029.42,9714.24,3024.62,785.0000,65535.0000,1124.5000,339.5000,0.0000,0.0000,0.0000,1.0000,1.0000E+00,1.0000E+00,
1734,1029.55,9713.00,3025.85,764.0000,65535.0000,1089.0000,325.0000,0.0000,0.0000,0.0000,1.0000,1.0000E+00,1.0000E+00,
1735,1029.68,9711.77,3027.08,766.5000,65535.0000,1082.5000,316.0000,0.0000,0.0000,0.0000,1.0000,1.0000E+00,1.0000E+00,
1736,1029.81,9710.54,3028.32,775.5000,65535.0000,1060.0000,284.5000,0.0000,0.0000,0.0000,1.0000,1.0000E+00,1.0000E+00,
1737,1029.94,9709.30,3029.55,752.5000,65535.0000,1051.5000,299.0000,0.0000,0.0000,0.0000,1.0000,1.0000E+00,1.0000E+00,
1738,1030.07,9708.07,3030.78,807.5000,65535.0000,1107.5000,300.0000,0.0000,0.0000,0.0000,1.0000,1.0000E+00,1.0000E+00,
1739,1030.20,9706.84,3032.02,757.0000,65535.0000,1064.5000,307.5000,0.0000,0.0000,0.0000,1.0000,1.0000E+00,1.0000E+00,
1740,1030.33,9705.61,3033.25,833.0000,65535.0000,1149.5000,316.5000,0.0000,0.0000,0.0000,1.0000,1.0000E+00,1.0000E+00,
1741,1030.46,9704.38,3034.48,889.0000,65535.0000,1181.0000,292.0000,0.0000,0.0000,0.0000,1.0000,1.0000E+00,1.0000E+00,
1742,1030.59,9703.14,3035.71,761.0000,65535.0000,1068.0000,307.0000,0.0000,0.0000,0.0000,1.0000,1.0000E+00,1.0000E+00,
1743,1030.72,9701.91,3036.94,759.0000,65535.0000,1043.5000,284.5000,0.0000,0.0000,0.0000,1.0000,1.0000E+00,1.0000E+00,
1744,1030.86,9700.68,3038.17,757.5000,65535.0000,1073.5000,316.0000,0.0000,0.0000,0.0000,1.0000,1.0000E+00,1.0000E+00,
1745,1030.99,9699.45,3039.40,751.5000,65535.0000,1051.0000,299.5000,0.0000,0.0000,0.0000,1.0000,1.0000E+00,1.0000E+00,
1746,1031.12,9698.23,3040.63,770.5000,65535.0000,1074.5000,304.0000,0.0000,0.0000,0.0000,1.0000,1.0000E+00,1.0000E+00,
1747,1031.25,9697.00,3041.86,753.0000,65535.0000,1031.0000,278.0000,0.0000,0.0000,0.0000,1.0000,1.0000E+00,1.0000E+00,
1748,1031.38,9695.77,3043.08,781.5000,65535.0000,1060.5000,279.0000,0.0000,0.0000,0.0000,1.0000,1.0000E+00,1.0000E+00,
1749,1031.51,9694.54,3044.31,737.5000,65535.0000,1045.5000,308.0000,0.0000,0.0000,0.0000,1.0000,1.0000E+00,1.0000E+00,
1750,1031.64,9693.32,3045.54,759.5000,65535.0000,1051.5000,292.0000,0.0000,0.0000,0.0000,1.0000,1.0000E+00,1.0000E+00,
1751,1031.77,9692.09,3046.76,744.0000,65535.0000,1055.5000,311.5000,0.0000,0.0000,0.0000,1.0000,1.0000E+00,1.0000E+00,
1752,1031.90,9690.86,3047.99,771.5000,65535.0000,1068.0000,296.5000,0.0000,0.0000,0.0000,1.0000,1.0000E+00,1.0000E+00,
1753,1032.03,9689.64,3049.22,747.5000,65535.0000,1058.5000,311.0000,0.0000,0.0000,0.0000,1.0000,1.0000E+00,1.0000E+00,
1754,1032.16,9688.41,3050.44,1452.5000,65535.0000,1732.0000,279.5000,0.0000,0.0000,0.0000,1.0000,1.0000E+00,1.0000E+00,
1755,1032.29,9687.19,3051.67,749.5000,65535.0000,1040.5000,291.0000,0.0000,0.0000,0.0000,1.0000,1.0000E+00,1.0000E+00,
1756,1032.42,9685.96,3052.89,758.5000,65535.0000,1077.0000,318.5000,0.0000,0.0000,0.0000,1.0000,1.0000E+00,1.0000E+00,
1757,1032.55,9684.74,3054.11,741.0000,65535.0000,1019.5000,278.5000,0.0000,0.0000,0.0000,1.0000,1.0000E+00,1.0000E+00,
1758,1032.68,9683.52,3055.34,833.5000,65535.0000,1131.0000,297.5000,0.0000,0.0000,0.0000,1.0000,1.0000E+00,1.0000E+00,
1759,1032.81,9682.29,3056.56,775.5000,65535.0000,1030.5000,255.0000,0.0000,0.0000,0.0000,1.0000,1.0000E+00,1.0000E+00,
1760,1032.94,9681.07,3057.78,795.5000,65535.0000,1094.0000,298.5000,0.0000,0.0000,0.0000,1.0000,1.0000E+00,1.0000E+00,
1761,1033.07,9679.85,3059.00,790.5000,65535.0000,1069.5000,279.0000,0.0000,0.0000,0.0000,1.0000,1.0000E+00,1.0000E+00,
1762,1033.20,9678.63,3060.23,738.5000,65535.0000,1058.0000,319.5000,0.0000,0.0000,0.0000,1.0000,1.0000E+00,1.0000E+00,
1763,1033.33,9677.41,3061.45,744.0000,65535.0000,1010.0000,266.0000,0.0000,0.0000,0.0000,1.0000,1.0000E+00,1.0000E+00,
1764,1033.47,9676.19,3062.67,748.0000,65535.0000,1030.0000,282.0000,0.0000,0.0000,0.0000,1.0000,1.0000E+00,1.0000E+00,
1765,1033.60,9674.97,3063.89,741.5000,65535.0000,1004.5000,263.0000,0.0000,0.0000,0.0000,1.0000,1.0000E+00,1.0000E+00,
1766,1033.73,9673.75,3065.11,764.0000,65535.0000,1033.5000,269.5000,0.0000,0.0000,0.0000,1.0000,1.0000E+00,1.0000E+00,
1767,1033.86,9672.53,3066.33,739.0000,65535.0000,1023.0000,284.0000,0.0000,0.0000,0.0000,1.0000,1.0000E+00,1.0000E+00,
1768,1033.99,9671.31,3067.55,754.0000,65535.0000,1029.5000,275.5000,0.0000,0.0000,0.0000,1.0000,1.0000E+00,1.0000E+00,
1769,1034.12,9670.09,3068.76,773.0000,65535.0000,1091.5000,318.5000,0.0000,0.0000,0.0000,1.0000,1.0000E+00,1.0000E+00,
1770,1034.25,9668.87,3069.98,770.0000,65535.0000,1019.0000,249.0000,0.0000,0.0000,0.0000,1.0000,1.0000E+00,1.0000E+00,
1771,1034.38,9667.65,3071.20,756.0000,65535.0000,1028.5000,272.5000,0.0000,0.0000,0.0000,1.0000,1.0000E+00,1.0000E+00,
1772,1034.51,9666.44,3072.42,750.0000,65535.0000,1023.5000,273.5000,0.0000,0.0000,0.0000,1.0000,1.0000E+00,1.0000E+00,
1773,1034.64,9665.22,3073.63,742.0000,65535.0000,1028.0000,286.0000,0.0000,0.0000,0.0000,1.0000,1.0000E+00,1.0000E+00,
1774,1034.77,9664.00,3074.85,752.0000,65535.0000,1024.0000,272.0000,0.0000,0.0000,0.0000,1.0000,1.0000E+00,1.0000E+00,
1775,1034.90,9662.79,3076.06,726.5000,65535.0000,1034.0000,307.5000,0.0000,0.0000,0.0000,1.0000,1.0000E+00,1.0000E+00,
1776,1035.03,9661.57,3077.28,825.0000,65535.0000,1096.5000,271.5000,0.0000,0.0000,0.0000,1.0000,1.0000E+00,1.0000E+00,
1777,1035.16,9660.36,3078.49,758.0000,65535.0000,1003.0000,245.0000,0.0000,0.0000,0.0000,1.0000,1.0000E+00,1.0000E+00,
1778,1035.29,9659.15,3079.71,753.5000,65535.0000,1012.0000,258.5000,0.0000,0.0000,0.0000,1.0000,1.0000E+00,1.0000E+00,
1779,1035.42,9657.93,3080.92,765.0000,65535.0000,1047.5000,282.5000,0.0000,0.0000,0.0000,1.0000,1.0000E+00,1.0000E+00,
1780,1035.55,9656.72,3082.13,740.0000,65535.0000,1028.5000,288.5000,0.0000,0.0000,0.0000,1.0000,1.0000E+00,1.0000E+00,
1781,1035.68,9655.51,3083.35,774.0000,65535.0000,1040.5000,266.5000,0.0000,0.0000,0.0000,1.0000,1.0000E+00,1.0000E+00,
1782,1035.81,9654.29,3084.56,779.0000,65535.0000,1057.0000,278.0000,0.0000,0.0000,0.0000,1.0000,1.0000E+00,1.0000E+00,
1783,1035.94,9653.08,3085.77,825.0000,65535.0000,1045.5000,220.5000,0.0000,0.0000,0.0000,1.0000,1.0000E+00,1.0000E+00,
1784,1036.07,9651.87,3086.98,777.0000,65535.0000,1027.0000,250.0000,0.0000,0.0000,0.0000,1.0000,1.0000E+00,1.0000E+00,
1785,1036.20,9650.66,3088.19,899.5000,65535.0000,1148.5000,249.0000,0.0000,0.0000,0.0000,1.0000,1.0000E+00,1.0000E+00,
1786,1036.33,9649.45,3089.40,760.0000,65535.0000,1018.5000,258.5000,0.0000,0.0000,0.0000,1.0000,1.0000E+00,1.0000E+00,
1787,1036.46,9648.24,3090.62,768.5000,65535.0000,1030.5000,262.0000,0.0000,0.0000,0.0000,1.0000,1.0000E+00,1.0000E+00,
1788,1036.59,9647.03,3091.82,739.5000,65535.0000,990.0000,250.5000,0.0000,0.0000,0.0000,1.0000,1.0000E+00,1.0000E+00,
1789,1036.72,9645.82,3093.03,753.0000,65535.0000,1001.0000,248.0000,0.0000,0.0000,0.0000,1.0000,1.0000E+00,1.0000E+00,
1790,1036.85,9644.61,3094.24,754.0000,65535.0000,1005.0000,251.0000,0.0000,0.0000,0.0000,1.0000,1.0000E+00,1.0000E+00,
1791,1036.98,9643.40,3095.45,733.5000,65535.0000,1022.5000,289.0000,0.0000,0.0000,0.0000,1.0000,1.0000E+00,1.0000E+00,
1792,1037.11,9642.19,3096.66,725.5000,65535.0000,997.0000,271.5000,0.0000,0.0000,0.0000,1.0000,1.0000E+00,1.0000E+00,
1793,1037.24,9640.99,3097.87,780.0000,65535.0000,1021.5000,241.5000,0.0000,0.0000,0.0000,1.0000,1.0000E+00,1.0000E+00,
1794,1037.37,9639.78,3099.07,767.5000,65535.0000,992.5000,225.0000,0.0000,0.0000,0.0000,1.0000,1.0000E+00,1.0000E+00,
1795,1037.50,9638.57,3100.28,774.0000,65535.0000,1014.5000,240.5000,0.0000,0.0000,0.0000,1.0000,1.0000E+00,1.0000E+00,
1796,1037.63,9637.37,3101.49,749.5000,65535.0000,1001.5000,252.0000,0.0000,0.0000,0.0000,1.0000,1.0000E+00,1.0000E+00,
1797,1037.76,9636.16,3102.69,790.0000,65535.0000,1020.0000,230.0000,0.0000,0.0000,0.0000,1.0000,1.0000E+00,1.0000E+00,
1798,1037.89,9634.96,3103.90,750.5000,65535.0000,1002.5000,252.0000,0.0000,0.0000,0.0000,1.0000,1.0000E+00,1.0000E+00,
1799,1038.02,9633.75,3105.10,724.0000,65535.0000,985.0000,261.0000,0.0000,0.0000,0.0000,1.0000,1.0000E+00,1.0000E+00,
1800,1038.15,9632.55,3106.30,756.5000,65535.0000,1007.0000,250.5000,0.0000,0.0000,0.0000,1.0000,1.0000E+00,1.0000E+00,
1801,1038.28,9631.35,3107.51,755.5000,65535.0000,1004.0000,248.5000,0.0000,0.0000,0.0000,1.0000,1.0000E+00,1.0000E+00,
1802,1038.41,9630.14,3108.71,728.5000,65535.0000,1018.0000,289.5000,0.0000,0.0000,0.0000,1.0000,1.0000E+00,1.0000E+00,
1803,1038.54,9628.94,3109.91,786.5000,65535.0000,1001.0000,214.5000,0.0000,0.0000,0.0000,1.0000,1.0000E+00,1.0000E+00,
1804,1038.67,9627.74,3111.12,768.5000,65535.0000,1001.0000,232.5000,0.0000,0.0000,0.0000,1.0000,1.0000E+00,1.0000E+00,
1805,1038.80,9626.53,3112.32,766.5000,65535.0000,967.5000,201.0000,0.0000,0.0000,0.0000,1.0000,1.0000E+00,1.0000E+00,
1806,1038.93,9625.33,3113.52,738.0000,65535.0000,1012.0000,274.0000,0.0000,0.0000,0.0000,1.0000,1.0000E+00,1.0000E+00,
1807,1039.05,9624.13,3114.72,767.5000,65535.0000,991.0000,223.5000,0.0000,0.0000,0.0000,1.0000,1.0000E+00,1.0000E+00,
1808,1039.18,9622.93,3115.92,743.0000,65535.0000,983.0000,240.0000,0.0000,0.0000,0.0000,1.0000,1.0000E+00,1.0000E+00,
1809,1039.31,9621.73,3117.12,760.0000,65535.0000,995.5000,235.5000,0.0000,0.0000,0.0000,1.0000,1.0000E+00,1.0000E+00,
1810,1039.44,9620.53,3118.32,761.5000,65535.0000,1002.0000,240.5000,0.0000,0.0000,0.0000,1.0000,1.0000E+00,1.0000E+00,
1811,1039.57,9619.33,3119.52,789.5000,65535.0000,996.5000,207.0000,0.0000,0.0000,0.0000,1.0000,1.0000E+00,1.0000E+00,
1812,1039.70,9618.13,3120.72,753.5000,65535.0000,982.0000,228.5000,0.0000,0.0000,0.0000,1.0000,1.0000E+00,1.0000E+00,
1813,1039.83,9616.94,3121.92,768.0000,65535.0000,993.0000,225.0000,0.0000,0.0000,0.0000,1.0000,1.0000E+00,1.0000E+00,
1814,1039.96,9615.74,3123.12,755.5000,65535.0000,1002.5000,247.0000,0.0000,0.0000,0.0000,1.0000,1.0000E+00,1.0000E+00,
1815,1040.09,9614.54,3124.31,799.0000,65535.0000,1051.0000,252.0000,0.0000,0.0000,0.0000,1.0000,1.0000E+00,1.0000E+00,
1816,1040.22,9613.34,3125.51,749.0000,65535.0000,1002.0000,253.0000,0.0000,0.0000,0.0000,1.0000,1.0000E+00,1.0000E+00,
1817,1040.35,9612.15,3126.71,767.5000,65535.0000,992.5000,225.0000,0.0000,0.0000,0.0000,1.0000,1.0000E+00,1.0000E+00,
1818,1040.48,9610.95,3127.90,742.0000,65535.0000,950.0000,208.0000,0.0000,0.0000,0.0000,1.0000,1.0000E+00,1.0000E+00,
1819,1040.61,9609.75,3129.10,755.5000,65535.0000,1002.5000,247.0000,0.0000,0.0000,0.0000,1.0000,1.0000E+00,1.0000E+00,
1820,1040.74,9608.56,3130.29,761.5000,65535.0000,1002.5000,241.0000,0.0000,0.0000,0.0000,1.0000,1.0000E+00,1.0000E+00,
1821,1040.87,9607.37,3131.49,753.5000,65535.0000,1010.5000,257.0000,0.0000,0.0000,0.0000,1.0000,1.0000E+00,1.0000E+00,
1822,1041.00,9606.17,3132.68,716.5000,65535.0000,958.5000,242.0000,0.0000,0.0000,0.0000,1.0000,1.0000E+00,1.0000E+00,
1823,1041.13,9604.98,3133.88,798.5000,65535.0000,1006.0000,207.5000,0.0000,0.0000,0.0000,1.0000,1.0000E+00,1.0000E+00,
1824,1041.26,9603.78,3135.07,773.0000,65535.0000,978.0000,205.0000,0.0000,0.0000,0.0000,1.0000,1.0000E+00,1.0000E+00,
1825,1041.39,9602.59,3136.26,741.0000,65535.0000,1000.0000,259.0000,0.0000,0.0000,0.0000,1.0000,1.0000E+00,1.0000E+00,
1826,1041.51,9601.40,3137.46,808.0000,65535.0000,1014.0000,206.0000,0.0000,0.0000,0.0000,1.0000,1.0000E+00,1.0000E+00,
1827,1041.64,9600.21,3138.65,759.0000,65535.0000,984.0000,225.0000,0.0000,0.0000,0.0000,1.0000,1.0000E+00,1.0000E+00,
1828,1041.77,9599.01,3139.84,727.0000,65535.0000,964.0000,237.0000,0.0000,0.0000,0.0000,1.0000,1.0000E+00,1.0000E+00,
1829,1041.90,9597.82,3141.03,771.5000,65535.0000,997.0000,225.5000,0.0000,0.0000,0.0000,1.0000,1.0000E+00,1.0000E+00,
1830,1042.03,9596.63,3142.22,760.5000,65535.0000,963.0000,202.5000,0.0000,0.0000,0.0000,1.0000,1.0000E+00,1.0000E+00,
1831,1042.16,9595.44,3143.41,736.0000,65535.0000,963.0000,227.0000,0.0000,0.0000,0.0000,1.0000,1.0000E+00,1.0000E+00,
1832,1042.29,9594.25,3144.60,774.0000,65535.0000,1056.0000,282.0000,0.0000,0.0000,0.0000,1.0000,1.0000E+00,1.0000E+00,
1833,1042.42,9593.06,3145.79,748.0000,65535.0000,951.5000,203.5000,0.0000,0.0000,0.0000,1.0000,1.0000E+00,1.0000E+00,
1834,1042.55,9591.87,3146.98,774.0000,65535.0000,946.5000,172.5000,0.0000,0.0000,0.0000,1.0000,1.0000E+00,1.0000E+00,
1835,1042.68,9590.69,3148.17,761.0000,65535.0000,939.0000,178.0000,0.0000,0.0000,0.0000,1.0000,1.0000E+00,1.0000E+00,
1836,1042.81,9589.50,3149.36,764.0000,65535.0000,981.0000,217.0000,0.0000,0.0000,0.0000,1.0000,1.0000E+00,1.0000E+00,
1837,1042.94,9588.31,3150.54,759.5000,65535.0000,973.5000,214.0000,0.0000,0.0000,0.0000,1.0000,1.0000E+00,1.0000E+00,
1838,1043.07,9587.12,3151.73,711.0000,65535.0000,962.5000,251.5000,0.0000,0.0000,0.0000,1.0000,1.0000E+00,1.0000E+00,
1839,1043.19,9585.94,3152.92,727.0000,65535.0000,969.0000,242.0000,0.0000,0.0000,0.0000,1.0000,1.0000E+00,1.0000E+00,
1840,1043.32,9584.75,3154.10,747.0000,65535.0000,962.0000,215.0000,0.0000,0.0000,0.0000,1.0000,1.0000E+00,1.0000E+00,
1841,1043.45,9583.56,3155.29,742.0000,65535.0000,961.0000,219.0000,0.0000,0.0000,0.0000,1.0000,1.0000E+00,1.0000E+00,
1842,1043.58,9582.38,3156.47,764.0000,65535.0000,996.5000,232.5000,0.0000,0.0000,0.0000,1.0000,1.0000E+00,1.0000E+00,
1843,1043.71,9581.19,3157.66,787.0000,65535.0000,977.5000,190.5000,0.0000,0.0000,0.0000,1.0000,1.0000E+00,1.0000E+00,
1844,1043.84,9580.01,3158.84,746.0000,65535.0000,966.5000,220.5000,0.0000,0.0000,0.0000,1.0000,1.0000E+00,1.0000E+00,
1845,1043.97,9578.83,3160.03,758.5000,65535.0000,931.0000,172.5000,0.0000,0.0000,0.0000,1.0000,1.0000E+00,1.0000E+00,
1846,1044.10,9577.64,3161.21,734.5000,65535.0000,928.5000,194.0000,0.0000,0.0000,0.0000,1.0000,1.0000E+00,1.0000E+00,
1847,1044.23,9576.46,3162.39,768.0000,65535.0000,960.5000,192.5000,0.0000,0.0000,0.0000,1.0000,1.0000E+00,1.0000E+00,
1848,1044.36,9575.28,3163.58,724.0000,65535.0000,952.5000,228.5000,0.0000,0.0000,0.0000,1.0000,1.0000E+00,1.0000E+00,
1849,1044.49,9574.09,3164.76,780.0000,65535.0000,991.0000,211.0000,0.0000,0.0000,0.0000,1.0000,1.0000E+00,1.0000E+00,
1850,1044.61,9572.91,3165.94,719.0000,65535.0000,951.0000,232.0000,0.0000,0.0000,0.0000,1.0000,1.0000E+00,1.0000E+00,
1851,1044.74,9571.73,3167.12,729.5000,65535.0000,909.5000,180.0000,0.0000,0.0000,0.0000,1.0000,1.0000E+00,1.0000E+00,
1852,1044.87,9570.55,3168.30,730.0000,65535.0000,954.0000,224.0000,0.0000,0.0000,0.0000,1.0000,1.0000E+00,1.0000E+00,
1853,1045.00,9569.37,3169.48,879.5000,65535.0000,1064.5000,185.0000,0.0000,0.0000,0.0000,1.0000,1.0000E+00,1.0000E+00,
1854,1045.13,9568.19,3170.66,742.5000,65535.0000,978.0000,235.5000,0.0000,0.0000,0.0000,1.0000,1.0000E+00,1.0000E+00,
1855,1045.26,9567.01,3171.84,795.0000,65535.0000,977.0000,182.0000,0.0000,0.0000,0.0000,1.0000,1.0000E+00,1.0000E+00,
1856,1045.39,9565.83,3173.02,749.0000,65535.0000,940.0000,191.0000,0.0000,0.0000,0.0000,1.0000,1.0000E+00,1.0000E+00,
1857,1045.52,9564.65,3174.20,732.5000,65535.0000,941.5000,209.0000,0.0000,0.0000,0.0000,1.0000,1.0000E+00,1.0000E+00,
1858,1045.65,9563.47,3175.38,810.0000,65535.0000,1036.0000,226.0000,0.0000,0.0000,0.0000,1.0000,1.0000E+00,1.0000E+00,
1859,1045.77,9562.30,3176.56,758.0000,65535.0000,939.0000,181.0000,0.0000,0.0000,0.0000,1.0000,1.0000E+00,1.0000E+00,
1860,1045.90,9561.12,3177.74,738.5000,65535.0000,961.5000,223.0000,0.0000,0.0000,0.0000,1.0000,1.0000E+00,1.0000E+00,
1861,1046.03,9559.94,3178.91,749.0000,65535.0000,933.5000,184.5000,0.0000,0.0000,0.0000,1.0000,1.0000E+00,1.0000E+00,
1862,1046.16,9558.76,3180.09,747.0000,65535.0000,934.5000,187.5000,0.0000,0.0000,0.0000,1.0000,1.0000E+00,1.0000E+00,
1863,1046.29,9557.59,3181.27,756.0000,65535.0000,931.5000,175.5000,0.0000,0.0000,0.0000,1.0000,1.0000E+00,1.0000E+00,
1864,1046.42,9556.41,3182.44,734.5000,65535.0000,970.5000,236.0000,0.0000,0.0000,0.0000,1.0000,1.0000E+00,1.0000E+00,
1865,1046.55,9555.24,3183.62,722.5000,65535.0000,911.5000,189.0000,0.0000,0.0000,0.0000,1.0000,1.0000E+00,1.0000E+00,
1866,1046.68,9554.06,3184.79,778.5000,65535.0000,974.5000,196.0000,0.0000,0.0000,0.0000,1.0000,1.0000E+00,1.0000E+00,
1867,1046.80,9552.89,3185.97,755.5000,65535.0000,946.0000,190.5000,0.0000,0.0000,0.0000,1.0000,1.0000E+00,1.0000E+00,
1868,1046.93,9551.71,3187.14,802.0000,65535.0000,984.0000,182.0000,0.0000,0.0000,0.0000,1.0000,1.0000E+00,1.0000E+00,
1869,1047.06,9550.54,3188.31,881.0000,65535.0000,1037.0000,156.0000,0.0000,0.0000,0.0000,1.0000,1.0000E+00,1.0000E+00,
1870,1047.19,9549.37,3189.49,734.0000,65535.0000,954.0000,220.0000,0.0000,0.0000,0.0000,1.0000,1.0000E+00,1.0000E+00,
1871,1047.32,9548.20,3190.66,747.0000,65535.0000,936.5000,189.5000,0.0000,0.0000,0.0000,1.0000,1.0000E+00,1.0000E+00,
1872,1047.45,9547.02,3191.83,779.5000,65535.0000,944.5000,165.0000,0.0000,0.0000,0.0000,1.0000,1.0000E+00,1.0000E+00,
1873,1047.58,9545.85,3193.00,764.5000,65535.0000,935.0000,170.5000,0.0000,0.0000,0.0000,1.0000,1.0000E+00,1.0000E+00,
1874,1047.70,9544.68,3194.17,743.5000,65535.0000,945.5000,202.0000,0.0000,0.0000,0.0000,1.0000,1.0000E+00,1.0000E+00,
1875,1047.83,9543.51,3195.34,755.0000,65535.0000,928.5000,173.5000,0.0000,0.0000,0.0000,1.0000,1.0000E+00,1.0000E+00,
1876,1047.96,9542.34,3196.51,787.0000,65535.0000,944.5000,157.5000,0.0000,0.0000,0.0000,1.0000,1.0000E+00,1.0000E+00,
1877,1048.09,9541.17,3197.68,731.0000,65535.0000,967.0000,236.0000,0.0000,0.0000,0.0000,1.0000,1.0000E+00,1.0000E+00,
1878,1048.22,9540.00,3198.85,745.5000,65535.0000,927.0000,181.5000,0.0000,0.0000,0.0000,1.0000,1.0000E+00,1.0000E+00,
1879,1048.35,9538.83,3200.02,760.5000,65535.0000,944.5000,184.0000,0.0000,0.0000,0.0000,1.0000,1.0000E+00,1.0000E+00,
1880,1048.47,9537.66,3201.19,762.5000,65535.0000,926.5000,164.0000,0.0000,0.0000,0.0000,1.0000,1.0000E+00,1.0000E+00,
1881,1048.60,9536.49,3202.36,717.5000,65535.0000,936.0000,218.5000,0.0000,0.0000,0.0000,1.0000,1.0000E+00,1.0000E+00,
1882,1048.73,9535.33,3203.53,769.5000,65535.0000,949.0000,179.5000,0.0000,0.0000,0.0000,1.0000,1.0000E+00,1.0000E+00,
1883,1048.86,9534.16,3204.69,749.5000,65535.0000,953.0000,203.5000,0.0000,0.0000,0.0000,1.0000,1.0000E+00,1.0000E+00,
1884,1048.99,9532.99,3205.86,746.0000,65535.0000,942.0000,196.0000,0.0000,0.0000,0.0000,1.0000,1.0000E+00,1.0000E+00,
1885,1049.12,9531.83,3207.03,813.5000,65535.0000,1013.5000,200.0000,0.0000,0.0000,0.0000,1.0000,1.0000E+00,1.0000E+00,
1886,1049.25,9530.66,3208.19,746.0000,65535.0000,910.5000,164.5000,0.0000,0.0000,0.0000,1.0000,1.0000E+00,1.0000E+00,
1887,1049.37,9529.49,3209.36,745.0000,65535.0000,952.5000,207.5000,0.0000,0.0000,0.0000,1.0000,1.0000E+00,1.0000E+00,
1888,1049.50,9528.33,3210.52,748.5000,65535.0000,941.5000,193.0000,0.0000,0.0000,0.0000,1.0000,1.0000E+00,1.0000E+00,
1889,1049.63,9527.16,3211.69,731.5000,65535.0000,971.5000,240.0000,0.0000,0.0000,0.0000,1.0000,1.0000E+00,1.0000E+00,
1890,1049.76,9526.00,3212.85,758.5000,65535.0000,916.5000,158.0000,0.0000,0.0000,0.0000,1.0000,1.0000E+00,1.0000E+00,
1891,1049.89,9524.84,3214.02,710.0000,65535.0000,918.0000,208.0000,0.0000,0.0000,0.0000,1.0000,1.0000E+00,1.0000E+00,
1892,1050.02,9523.67,3215.18,704.0000,65535.0000,889.0000,185.0000,0.0000,0.0000,0.0000,1.0000,1.0000E+00,1.0000E+00,
1893,1050.14,9522.51,3216.34,740.5000,65535.0000,918.0000,177.5000,0.0000,0.0000,0.0000,1.0000,1.0000E+00,1.0000E+00,
1894,1050.27,9521.35,3217.51,749.0000,65535.0000,938.5000,189.5000,0.0000,0.0000,0.0000,1.0000,1.0000E+00,1.0000E+00,
1895,1050.40,9520.19,3218.67,789.0000,65535.0000,1004.0000,215.0000,0.0000,0.0000,0.0000,1.0000,1.0000E+00,1.0000E+00,
1896,1050.53,9519.02,3219.83,734.5000,65535.0000,883.0000,148.5000,0.0000,0.0000,0.0000,1.0000,1.0000E+00,1.0000E+00,
1897,1050.66,9517.86,3220.99,741.0000,65535.0000,925.0000,184.0000,0.0000,0.0000,0.0000,1.0000,1.0000E+00,1.0000E+00,
1898,1050.78,9516.70,3222.15,757.5000,65535.0000,910.5000,153.0000,0.0000,0.0000,0.0000,1.0000,1.0000E+00,1.0000E+00,
1899,1050.91,9515.54,3223.31,729.5000,65535.0000,957.5000,228.0000,0.0000,0.0000,0.0000,1.0000,1.0000E+00,1.0000E+00,
1900,1051.04,9514.38,3224.47,764.0000,65535.0000,922.5000,158.5000,0.0000,0.0000,0.0000,1.0000,1.0000E+00,1.0000E+00,
1901,1051.17,9513.22,3225.63,707.5000,65535.0000,918.0000,210.5000,0.0000,0.0000,0.0000,1.0000,1.0000E+00,1.0000E+00,
1902,1051.30,9512.06,3226.79,752.5000,65535.0000,941.0000,188.5000,0.0000,0.0000,0.0000,1.0000,1.0000E+00,1.0000E+00,
1903,1051.42,9510.90,3227.95,718.0000,65535.0000,876.5000,158.5000,0.0000,0.0000,0.0000,1.0000,1.0000E+00,1.0000E+00,
1904,1051.55,9509.75,3229.11,758.0000,65535.0000,941.5000,183.5000,0.0000,0.0000,0.0000,1.0000,1.0000E+00,1.0000E+00,
1905,1051.68,9508.59,3230.27,734.5000,65535.0000,923.0000,188.5000,0.0000,0.0000,0.0000,1.0000,1.0000E+00,1.0000E+00,
1906,1051.81,9507.43,3231.42,743.5000,65535.0000,918.0000,174.5000,0.0000,0.0000,0.0000,1.0000,1.0000E+00,1.0000E+00,
1907,1051.94,9506.27,3232.58,730.5000,65535.0000,906.0000,175.5000,0.0000,0.0000,0.0000,1.0000,1.0000E+00,1.0000E+00,
1908,1052.06,9505.12,3233.74,765.5000,65535.0000,943.0000,177.5000,0.0000,0.0000,0.0000,1.0000,1.0000E+00,1.0000E+00,
1909,1052.19,9503.96,3234.89,745.0000,65535.0000,911.0000,166.0000,0.0000,0.0000,0.0000,1.0000,1.0000E+00,1.0000E+00,
1910,1052.32,9502.81,3236.05,753.0000,65535.0000,925.0000,172.0000,0.0000,0.0000,0.0000,1.0000,1.0000E+00,1.0000E+00,
1911,1052.45,9501.65,3237.20,744.0000,65535.0000,922.5000,178.5000,0.0000,0.0000,0.0000,1.0000,1.0000E+00,1.0000E+00,
1912,1052.58,9500.50,3238.36,765.0000,65535.0000,937.5000,172.5000,0.0000,0.0000,0.0000,1.0000,1.0000E+00,1.0000E+00,
1913,1052.70,9499.34,3239.51,749.0000,65535.0000,910.0000,161.0000,0.0000,0.0000,0.0000,1.0000,1.0000E+00,1.0000E+00,
1914,1052.83,9498.19,3240.67,718.5000,65535.0000,888.5000,170.0000,0.0000,0.0000,0.0000,1.0000,1.0000E+00,1.0000E+00,
1915,1052.96,9497.03,3241.82,749.5000,65535.0000,917.0000,167.5000,0.0000,0.0000,0.0000,1.0000,1.0000E+00,1.0000E+00,
1916,1053.09,9495.88,3242.97,739.0000,65535.0000,929.5000,190.5000,0.0000,0.0000,0.0000,1.0000,1.0000E+00,1.0000E+00,
1917,1053.22,9494.73,3244.12,748.0000,65535.0000,922.0000,174.0000,0.0000,0.0000,0.0000,1.0000,1.0000E+00,1.0000E+00,
1918,1053.34,9493.58,3245.28,724.0000,65535.0000,911.0000,187.0000,0.0000,0.0000,0.0000,1.0000,1.0000E+00,1.0000E+00,
1919,1053.47,9492.43,3246.43,820.0000,65535.0000,956.0000,136.0000,0.0000,0.0000,0.0000,1.0000,1.0000E+00,1.0000E+00,
1920,1053.60,9491.27,3247.58,749.5000,65535.0000,900.0000,150.5000,0.0000,0.0000,0.0000,1.0000,1.0000E+00,1.0000E+00,
1921,1053.73,9490.12,3248.73,722.0000,65535.0000,880.5000,158.5000,0.0000,0.0000,0.0000,1.0000,1.0000E+00,1.0000E+00,
1922,1053.85,9488.97,3249.88,755.0000,65535.0000,920.0000,165.0000,0.0000,0.0000,0.0000,1.0000,1.0000E+00,1.0000E+00,
1923,1053.98,9487.82,3251.03,789.0000,65535.0000,912.0000,123.0000,0.0000,0.0000,0.0000,1.0000,1.0000E+00,1.0000E+00,
1924,1054.11,9486.67,3252.18,736.0000,65535.0000,915.0000,179.0000,0.0000,0.0000,0.0000,1.0000,1.0000E+00,1.0000E+00,
1925,1054.24,9485.52,3253.33,727.5000,65535.0000,860.0000,132.5000,0.0000,0.0000,0.0000,1.0000,1.0000E+00,1.0000E+00,
1926,1054.37,9484.38,3254.48,774.0000,65535.0000,903.5000,129.5000,0.0000,0.0000,0.0000,1.0000,1.0000E+00,1.0000E+00,
1927,1054.49,9483.23,3255.63,797.0000,65535.0000,968.0000,171.0000,0.0000,0.0000,0.0000,1.0000,1.0000E+00,1.0000E+00,
1928,1054.62,9482.08,3256.77,768.5000,65535.0000,941.0000,172.5000,0.0000,0.0000,0.0000,1.0000,1.0000E+00,1.0000E+00,
1929,1054.75,9480.93,3257.92,771.5000,65535.0000,920.5000,149.0000,0.0000,0.0000,0.0000,1.0000,1.0000E+00,1.0000E+00,
1930,1054.88,9479.78,3259.07,729.0000,65535.0000,877.0000,148.0000,0.0000,0.0000,0.0000,1.0000,1.0000E+00,1.0000E+00,
1931,1055.00,9478.64,3260.22,686.5000,65535.0000,862.5000,176.0000,0.0000,0.0000,0.0000,1.0000,1.0000E+00,1.0000E+00,
1932,1055.13,9477.49,3261.36,753.5000,65535.0000,903.0000,149.5000,0.0000,0.0000,0.0000,1.0000,1.0000E+00,1.0000E+00,
1933,1055.26,9476.35,3262.51,729.0000,65535.0000,889.0000,160.0000,0.0000,0.0000,0.0000,1.0000,1.0000E+00,1.0000E+00,
1934,1055.39,9475.20,3263.65,733.0000,65535.0000,901.5000,168.5000,0.0000,0.0000,0.0000,1.0000,1.0000E+00,1.0000E+00,
1935,1055.51,9474.06,3264.80,751.5000,65535.0000,897.0000,145.5000,0.0000,0.0000,0.0000,1.0000,1.0000E+00,1.0000E+00,
1936,1055.64,9472.91,3265.94,765.5000,65535.0000,872.5000,107.0000,0.0000,0.0000,0.0000,1.0000,1.0000E+00,1.0000E+00,
1937,1055.77,9471.77,3267.09,747.5000,65535.0000,898.0000,150.5000,0.0000,0.0000,0.0000,1.0000,1.0000E+00,1.0000E+00,
1938,1055.90,9470.62,3268.23,734.0000,65535.0000,889.0000,155.0000,0.0000,0.0000,0.0000,1.0000,1.0000E+00,1.0000E+00,
1939,1056.02,9469.48,3269.37,741.0000,65535.0000,896.0000,155.0000,0.0000,0.0000,0.0000,1.0000,1.0000E+00,1.0000E+00,
1940,1056.15,9468.34,3270.51,759.0000,65535.0000,878.5000,119.5000,0.0000,0.0000,0.0000,1.0000,1.0000E+00,1.0000E+00,
1941,1056.28,9467.20,3271.66,700.5000,65535.0000,863.5000,163.0000,0.0000,0.0000,0.0000,1.0000,1.0000E+00,1.0000E+00,
1942,1056.41,9466.05,3272.80,734.0000,65535.0000,866.0000,132.0000,0.0000,0.0000,0.0000,1.0000,1.0000E+00,1.0000E+00,
1943,1056.53,9464.91,3273.94,736.5000,65535.0000,860.0000,123.5000,0.0000,0.0000,0.0000,1.0000,1.0000E+00,1.0000E+00,
1944,1056.66,9463.77,3275.08,738.0000,65535.0000,872.5000,134.5000,0.0000,0.0000,0.0000,1.0000,1.0000E+00,1.0000E+00,
1945,1056.79,9462.63,3276.22,723.0000,65535.0000,866.5000,143.5000,0.0000,0.0000,0.0000,1.0000,1.0000E+00,1.0000E+00,
1946,1056.92,9461.49,3277.36,737.0000,65535.0000,847.5000,110.5000,0.0000,0.0000,0.0000,1.0000,1.0000E+00,1.0000E+00,
1947,1057.04,9460.35,3278.50,754.0000,65535.0000,881.0000,127.0000,0.0000,0.0000,0.0000,1.0000,1.0000E+00,1.0000E+00,
1948,1057.17,9459.21,3279.64,751.0000,65535.0000,858.5000,107.5000,0.0000,0.0000,0.0000,1.0000,1.0000E+00,1.0000E+00,
1949,1057.30,9458.07,3280.78,743.0000,65535.0000,882.5000,139.5000,0.0000,0.0000,0.0000,1.0000,1.0000E+00,1.0000E+00,
1950,1057.43,9456.93,3281.92,769.0000,65535.0000,877.0000,108.0000,0.0000,0.0000,0.0000,1.0000,1.0000E+00,1.0000E+00,
1951,1057.55,9455.80,3283.06,726.5000,65535.0000,855.5000,129.0000,0.0000,0.0000,0.0000,1.0000,1.0000E+00,1.0000E+00,
1952,1057.68,9454.66,3284.19,754.0000,65535.0000,877.5000,123.5000,0.0000,0.0000,0.0000,1.0000,1.0000E+00,1.0000E+00,
1953,1057.81,9453.52,3285.33,725.0000,65535.0000,851.5000,126.5000,0.0000,0.0000,0.0000,1.0000,1.0000E+00,1.0000E+00,
1954,1057.93,9452.39,3286.47,717.0000,65535.0000,867.0000,150.0000,0.0000,0.0000,0.0000,1.0000,1.0000E+00,1.0000E+00,
1955,1058.06,9451.25,3287.60,723.0000,65535.0000,858.5000,135.5000,0.0000,0.0000,0.0000,1.0000,1.0000E+00,1.0000E+00,
1956,1058.19,9450.11,3288.74,707.0000,65535.0000,853.0000,146.0000,0.0000,0.0000,0.0000,1.0000,1.0000E+00,1.0000E+00,
1957,1058.32,9448.98,3289.88,738.5000,65535.0000,877.5000,139.0000,0.0000,0.0000,0.0000,1.0000,1.0000E+00,1.0000E+00,
1958,1058.44,9447.84,3291.01,752.5000,65535.0000,896.0000,143.5000,0.0000,0.0000,0.0000,1.0000,1.0000E+00,1.0000E+00,
1959,1058.57,9446.71,3292.15,725.0000,65535.0000,855.0000,130.0000,0.0000,0.0000,0.0000,1.0000,1.0000E+00,1.0000E+00,
1960,1058.70,9445.57,3293.28,726.0000,65535.0000,891.5000,165.5000,0.0000,0.0000,0.0000,1.0000,1.0000E+00,1.0000E+00,
1961,1058.82,9444.44,3294.41,748.0000,65535.0000,874.5000,126.5000,0.0000,0.0000,0.0000,1.0000,1.0000E+00,1.0000E+00,
1962,1058.95,9443.31,3295.55,726.5000,65535.0000,853.5000,127.0000,0.0000,0.0000,0.0000,1.0000,1.0000E+00,1.0000E+00,
1963,1059.08,9442.17,3296.68,836.0000,65535.0000,936.5000,100.5000,0.0000,0.0000,0.0000,1.0000,1.0000E+00,1.0000E+00,
1964,1059.21,9441.04,3297.81,710.0000,65535.0000,881.0000,171.0000,0.0000,0.0000,0.0000,1.0000,1.0000E+00,1.0000E+00,
1965,1059.33,9439.91,3298.94,763.5000,65535.0000,867.5000,104.0000,0.0000,0.0000,0.0000,1.0000,1.0000E+00,1.0000E+00,
1966,1059.46,9438.78,3300.08,729.5000,65535.0000,859.0000,129.5000,0.0000,0.0000,0.0000,1.0000,1.0000E+00,1.0000E+00,
1967,1059.59,9437.65,3301.21,756.5000,65535.0000,883.0000,126.5000,0.0000,0.0000,0.0000,1.0000,1.0000E+00,1.0000E+00,
1968,1059.71,9436.52,3302.34,752.0000,65535.0000,884.5000,132.5000,0.0000,0.0000,0.0000,1.0000,1.0000E+00,1.0000E+00,
1969,1059.84,9435.39,3303.47,810.0000,65535.0000,898.0000,88.0000,0.0000,0.0000,0.0000,1.0000,1.0000E+00,1.0000E+00,
1970,1059.97,9434.26,3304.60,729.5000,65535.0000,877.5000,148.0000,0.0000,0.0000,0.0000,1.0000,1.0000E+00,1.0000E+00,
1971,1060.09,9433.13,3305.73,772.0000,65535.0000,887.5000,115.5000,0.0000,0.0000,0.0000,1.0000,1.0000E+00,1.0000E+00,
1972,1060.22,9432.00,3306.86,754.0000,65535.0000,846.0000,92.0000,0.0000,0.0000,0.0000,1.0000,1.0000E+00,1.0000E+00,
1973,1060.35,9430.87,3307.99,732.5000,65535.0000,836.0000,103.5000,0.0000,0.0000,0.0000,1.0000,1.0000E+00,1.0000E+00,
1974,1060.47,9429.74,3309.11,752.0000,65535.0000,896.0000,144.0000,0.0000,0.0000,0.0000,1.0000,1.0000E+00,1.0000E+00,
1975,1060.60,9428.61,3310.24,729.5000,65535.0000,870.5000,141.0000,0.0000,0.0000,0.0000,1.0000,1.0000E+00,1.0000E+00,
1976,1060.73,9427.48,3311.37,749.5000,65535.0000,872.5000,123.0000,0.0000,0.0000,0.0000,1.0000,1.0000E+00,1.0000E+00,
1977,1060.86,9426.36,3312.50,744.5000,65535.0000,877.5000,133.0000,0.0000,0.0000,0.0000,1.0000,1.0000E+00,1.0000E+00,
1978,1060.98,9425.23,3313.62,726.5000,65535.0000,870.0000,143.5000,0.0000,0.0000,0.0000,1.0000,1.0000E+00,1.0000E+00,
1979,1061.11,9424.10,3314.75,734.0000,65535.0000,843.5000,109.5000,0.0000,0.0000,0.0000,1.0000,1.0000E+00,1.0000E+00,
1980,1061.24,9422.98,3315.88,714.0000,65535.0000,869.5000,155.5000,0.0000,0.0000,0.0000,1.0000,1.0000E+00,1.0000E+00,
1981,1061.36,9421.85,3317.00,689.0000,65535.0000,841.5000,152.5000,0.0000,0.0000,0.0000,1.0000,1.0000E+00,1.0000E+00,
1982,1061.49,9420.73,3318.13,705.0000,65535.0000,829.0000,124.0000,0.0000,0.0000,0.0000,1.0000,1.0000E+00,1.0000E+00,
1983,1061.62,9419.60,3319.25,732.5000,65535.0000,841.5000,109.0000,0.0000,0.0000,0.0000,1.0000,1.0000E+00,1.0000E+00,
1984,1061.74,9418.48,3320.37,798.5000,65535.0000,930.5000,132.0000,0.0000,0.0000,0.0000,1.0000,1.0000E+00,1.0000E+00,
1985,1061.87,9417.36,3321.50,727.5000,65535.0000,870.5000,143.0000,0.0000,0.0000,0.0000,1.0000,1.0000E+00,1.0000E+00,
1986,1062.00,9416.23,3322.62,695.5000,65535.0000,846.5000,151.0000,0.0000,0.0000,0.0000,1.0000,1.0000E+00,1.0000E+00,
1987,1062.12,9415.11,3323.74,710.5000,65535.0000,829.5000,119.0000,0.0000,0.0000,0.0000,1.0000,1.0000E+00,1.0000E+00,
1988,1062.25,9413.99,3324.87,699.0000,65535.0000,804.0000,105.0000,0.0000,0.0000,0.0000,1.0000,1.0000E+00,1.0000E+00,
1989,1062.38,9412.87,3325.99,722.0000,65535.0000,853.0000,131.0000,0.0000,0.0000,0.0000,1.0000,1.0000E+00,1.0000E+00,
1990,1062.50,9411.74,3327.11,701.5000,65535.0000,845.5000,144.0000,0.0000,0.0000,0.0000,1.0000,1.0000E+00,1.0000E+00,
1991,1062.63,9410.62,3328.23,706.5000,65535.0000,856.5000,150.0000,0.0000,0.0000,0.0000,1.0000,1.0000E+00,1.0000E+00,
1992,1062.76,9409.50,3329.35,748.5000,65535.0000,879.5000,131.0000,0.0000,0.0000,0.0000,1.0000,1.0000E+00,1.0000E+00,
1993,1062.88,9408.38,3330.47,714.5000,65535.0000,869.5000,155.0000,0.0000,0.0000,0.0000,1.0000,1.0000E+00,1.0000E+00,
1994,1063.01,9407.26,3331.59,735.5000,65535.0000,841.0000,105.5000,0.0000,0.0000,0.0000,1.0000,1.0000E+00,1.0000E+00,
1995,1063.14,9406.14,3332.71,710.0000,65535.0000,862.5000,152.5000,0.0000,0.0000,0.0000,1.0000,1.0000E+00,1.0000E+00,
1996,1063.26,9405.02,3333.83,778.0000,65535.0000,930.0000,152.0000,0.0000,0.0000,0.0000,1.0000,1.0000E+00,1.0000E+00,
1997,1063.39,9403.90,3334.95,735.5000,65535.0000,886.0000,150.5000,0.0000,0.0000,0.0000,1.0000,1.0000E+00,1.0000E+00,
1998,1063.51,9402.79,3336.07,738.0000,65535.0000,841.5000,103.5000,0.0000,0.0000,0.0000,1.0000,1.0000E+00,1.0000E+00,
1999,1063.64,9401.67,3337.19,700.5000,65535.0000,836.0000,135.5000,0.0000,0.0000,0.0000,1.0000,1.0000E+00,1.0000E+00,
2000,1063.77,9400.55,3338.30,724.0000,65535.0000,844.5000,120.5000,0.0000,0.0000,0.0000,1.0000,1.0000E+00,1.0000E+00,
2001,1063.89,9399.43,3339.42,737.0000,65535.0000,848.5000,111.5000,0.0000,0.0000,0.0000,1.0000,1.0000E+00,1.0000E+00,
2002,1064.02,9398.32,3340.54,731.0000,65535.0000,867.5000,136.5000,0.0000,0.0000,0.0000,1.0000,1.0000E+00,1.0000E+00,
2003,1064.15,9397.20,3341.65,695.0000,65535.0000,836.5000,141.5000,0.0000,0.0000,0.0000,1.0000,1.0000E+00,1.0000E+00,
2004,1064.27,9396.09,3342.77,756.0000,65535.0000,870.0000,114.0000,0.0000,0.0000,0.0000,1.0000,1.0000E+00,1.0000E+00,
2005,1064.40,9394.97,3343.88,711.5000,65535.0000,838.0000,126.5000,0.0000,0.0000,0.0000,1.0000,1.0000E+00,1.0000E+00,
2006,1064.53,9393.86,3345.00,701.0000,65535.0000,832.0000,131.0000,0.0000,0.0000,0.0000,1.0000,1.0000E+00,1.0000E+00,
2007,1064.65,9392.74,3346.11,707.5000,65535.0000,851.5000,144.0000,0.0000,0.0000,0.0000,1.0000,1.0000E+00,1.0000E+00,
2008,1064.78,9391.63,3347.23,752.0000,65535.0000,874.5000,122.5000,0.0000,0.0000,0.0000,1.0000,1.0000E+00,1.0000E+00,
2009,1064.90,9390.51,3348.34,731.5000,65535.0000,856.0000,124.5000,0.0000,0.0000,0.0000,1.0000,1.0000E+00,1.0000E+00,
2010,1065.03,9389.40,3349.45,721.5000,65535.0000,858.0000,136.5000,0.0000,0.0000,0.0000,1.0000,1.0000E+00,1.0000E+00,
2011,1065.16,9388.29,3350.57,736.5000,65535.0000,857.5000,121.0000,0.0000,0.0000,0.0000,1.0000,1.0000E+00,1.0000E+00,
2012,1065.28,9387.17,3351.68,743.5000,65535.0000,850.0000,106.5000,0.0000,0.0000,0.0000,1.0000,1.0000E+00,1.0000E+00,
2013,1065.41,9386.06,3352.79,680.5000,65535.0000,799.0000,118.5000,0.0000,0.0000,0.0000,1.0000,1.0000E+00,1.0000E+00,
2014,1065.54,9384.95,3353.90,696.5000,65535.0000,844.5000,148.0000,0.0000,0.0000,0.0000,1.0000,1.0000E+00,1.0000E+00,
2015,1065.66,9383.84,3355.01,743.0000,65535.0000,843.5000,100.5000,0.0000,0.0000,0.0000,1.0000,1.0000E+00,1.0000E+00,
2016,1065.79,9382.73,3356.12,718.0000,65535.0000,852.0000,134.0000,0.0000,0.0000,0.0000,1.0000,1.0000E+00,1.0000E+00,
2017,1065.91,9381.62,3357.23,696.0000,65535.0000,842.5000,146.5000,0.0000,0.0000,0.0000,1.0000,1.0000E+00,1.0000E+00,
2018,1066.04,9380.51,3358.34,744.0000,65535.0000,849.0000,105.0000,0.0000,0.0000,0.0000,1.0000,1.0000E+00,1.0000E+00,
2019,1066.17,9379.40,3359.45,722.0000,65535.0000,823.5000,101.5000,0.0000,0.0000,0.0000,1.0000,1.0000E+00,1.0000E+00,
2020,1066.29,9378.29,3360.56,708.5000,65535.0000,851.5000,143.0000,0.0000,0.0000,0.0000,1.0000,1.0000E+00,1.0000E+00,
2021,1066.42,9377.18,3361.67,717.5000,65535.0000,875.0000,157.5000,0.0000,0.0000,0.0000,1.0000,1.0000E+00,1.0000E+00,
2022,1066.54,9376.07,3362.78,734.5000,65535.0000,840.5000,106.0000,0.0000,0.0000,0.0000,1.0000,1.0000E+00,1.0000E+00,
2023,1066.67,9374.97,3363.89,728.5000,65535.0000,819.0000,90.5000,0.0000,0.0000,0.0000,1.0000,1.0000E+00,1.0000E+00,
2024,1066.80,9373.86,3365.00,714.0000,65535.0000,849.5000,135.5000,0.0000,0.0000,0.0000,1.0000,1.0000E+00,1.0000E+00,
2025,1066.92,9372.75,3366.10,771.5000,65535.0000,861.0000,89.5000,0.0000,0.0000,0.0000,1.0000,1.0000E+00,1.0000E+00,
2026,1067.05,9371.64,3367.21,729.5000,65535.0000,871.5000,142.0000,0.0000,0.0000,0.0000,1.0000,1.0000E+00,1.0000E+00,
2027,1067.17,9370.54,3368.32,807.0000,65535.0000,926.0000,119.0000,0.0000,0.0000,0.0000,1.0000,1.0000E+00,1.0000E+00,
2028,1067.30,9369.43,3369.42,731.0000,65535.0000,867.5000,136.5000,0.0000,0.0000,0.0000,1.0000,1.0000E+00,1.0000E+00,
2029,1067.43,9368.33,3370.53,758.0000,65535.0000,849.0000,91.0000,0.0000,0.0000,0.0000,1.0000,1.0000E+00,1.0000E+00,
2030,1067.55,9367.22,3371.63,737.5000,65535.0000,877.5000,140.0000,0.0000,0.0000,0.0000,1.0000,1.0000E+00,1.0000E+00,
2031,1067.68,9366.12,3372.74,755.0000,65535.0000,874.0000,119.0000,0.0000,0.0000,0.0000,1.0000,1.0000E+00,1.0000E+00,
2032,1067.80,9365.01,3373.84,1072.5000,65535.0000,1213.0000,140.5000,0.0000,0.0000,0.0000,1.0000,1.0000E+00,1.0000E+00,
2033,1067.93,9363.91,3374.94,741.0000,65535.0000,841.5000,100.5000,0.0000,0.0000,0.0000,1.0000,1.0000E+00,1.0000E+00,
2034,1068.06,9362.81,3376.05,797.5000,65535.0000,925.0000,127.5000,0.0000,0.0000,0.0000,1.0000,1.0000E+00,1.0000E+00,
2035,1068.18,9361.70,3377.15,713.5000,65535.0000,823.0000,109.5000,0.0000,0.0000,0.0000,1.0000,1.0000E+00,1.0000E+00,
2036,1068.31,9360.60,3378.25,755.5000,65535.0000,861.5000,106.0000,0.0000,0.0000,0.0000,1.0000,1.0000E+00,1.0000E+00,
2037,1068.43,9359.50,3379.36,718.0000,65535.0000,829.0000,111.0000,0.0000,0.0000,0.0000,1.0000,1.0000E+00,1.0000E+00,
2038,1068.56,9358.40,3380.46,693.0000,65535.0000,807.5000,114.5000,0.0000,0.0000,0.0000,1.0000,1.0000E+00,1.0000E+00,
2039,1068.68,9357.30,3381.56,763.5000,65535.0000,846.5000,83.0000,0.0000,0.0000,0.0000,1.0000,1.0000E+00,1.0000E+00,
2040,1068.81,9356.19,3382.66,671.0000,65535.0000,788.0000,117.0000,0.0000,0.0000,0.0000,1.0000,1.0000E+00,1.0000E+00,
2041,1068.94,9355.09,3383.76,687.0000,65535.0000,816.0000,129.0000,0.0000,0.0000,0.0000,1.0000,1.0000E+00,1.0000E+00,
2042,1069.06,9353.99,3384.86,688.0000,65535.0000,804.0000,116.0000,0.0000,0.0000,0.0000,1.0000,1.0000E+00,1.0000E+00,
2043,1069.19,9352.89,3385.96,663.5000,65535.0000,777.0000,113.5000,0.0000,0.0000,0.0000,1.0000,1.0000E+00,1.0000E+00,
2044,1069.31,9351.80,3387.06,656.0000,65535.0000,768.0000,112.0000,0.0000,0.0000,0.0000,1.0000,1.0000E+00,1.0000E+00,
2045,1069.44,9350.70,3388.16,708.0000,65535.0000,802.5000,94.5000,0.0000,0.0000,0.0000,1.0000,1.0000E+00,1.0000E+00,
2046,1069.56,9349.60,3389.26,898.5000,65535.0000,976.5000,78.0000,0.0000,0.0000,0.0000,1.0000,1.0000E+00,1.0000E+00,
2047,1069.69,9348.50,3390.35,753.0000,65535.0000,905.0000,152.0000,0.0000,0.0000,0.0000,1.0000,1.0000E+00,1.0000E+00,
